1 0.5204285478899139 0.19483101391650098 0.6020092391807652 0.03578528827037772
1 0.7271934034029338 0.1441351888667992 0.3066308741621655 0.021868787276341964
1 0.37414592902355975 0.23459244532803183 0.3094440014480569 0.023856858846918492
1 0.5218351115328597 0.2842942345924453 0.6048223664666567 0.05964214711729625
1 0.5204285478899139 0.40755467196819084 0.6020092391807652 0.17892644135188868
1 0.5218351115328597 0.5526838966202783 0.6048223664666567 0.10735586481113316
1 0.34038840159286265 0.6292246520874751 0.24192894658666272 0.021868787276341877
1 0.524648238818751 0.6928429423459244 0.6104486210384396 0.10139165009940357
1 0.33898183794991693 0.7614314115308151 0.2447420738725542 0.023856858846918527
1 0.5274613661046424 0.8091451292246521 0.6217011301820053 0.051689860834990074
