0 0.7686335403726707 0.39855072463768115 0.20729813664596264 0.31677018633540377
0 0.8344332298136645 0.14078674948240166 0.026785714285714163 0.062111801242236024
0 0.8647127329192545 0.14389233954451344 0.022127329192546483 0.06418219461697722
0 0.888586956521739 0.13664596273291924 0.027950310559006226 0.07453416149068323
0 0.9130434782608695 0.14182194616977228 0.016304347826086883 0.04347826086956525
0 0.49437111801242223 0.9026915113871635 0.5811335403726706 0.08695652173913046
1 0.10888975155279501 0.12629399585921322 0.20846273291925463 0.0662525879917184
1 0.4809782608695652 0.12836438923395446 0.5170807453416149 0.07039337474120085
1 0.3453883846589248 0.3022774327122152 0.5137599665716561 0.09523809523809547
1 0.34588509316770183 0.44720496894409933 0.5217391304347826 0.17391304347826086
1 0.34297360248447206 0.6159420289855072 0.499611801242236 0.13457556935817813
1 0.3505434782608695 0.7505175983436854 0.5077639751552795 0.10973084886128376
