0 0.1578027950310559 0.2908902691511387 0.0826863354037267 0.10559006211180129
0 0.156055900621118 0.49378881987577644 0.10481366459627328 0.10144927536231883
0 0.15663819875776394 0.6987577639751552 0.1106366459627329 0.1180124223602484
0 0.15489130434782605 0.8892339544513459 0.10015527950310556 0.07660455486542432
0 0.3738354037267081 0.5020703933747412 0.06754658385093172 0.07246376811594203
0 0.37558229813664595 0.6252587991718426 0.0687111801242235 0.07453416149068331
0 0.3761680290123778 0.7515527950310557 0.07221183442227054 0.08281573498964866
0 0.5747282608695652 0.5041407867494825 0.06871118012422364 0.0724637681159421
0 0.5735636645962733 0.6262939958592132 0.07336956521739126 0.06832298136645953
0 0.5753105590062111 0.7412008281573499 0.0722049689440994 0.07039337474120089
0 0.7645585976625108 0.48343685300207057 0.19448986613247576 0.2960662525879914
0 0.9101319875776397 0.4192546583850931 0.08268633540372676 0.639751552795031
1 0.05298958813332737 0.4244306418219462 0.07104037267080746 0.629399585921325
1 0.2643633540372671 0.44306418219461696 0.07686335403726709 0.02484472049689444
1 0.280667701863354 0.49792960662525887 0.11180124223602483 0.06418219461697725
1 0.2416537267080745 0.5559006211180124 0.029114906832298146 0.031055900621117943
1 0.28125 0.6180124223602484 0.10131987577639752 0.06832298136645967
1 0.2795031055900621 0.7422360248447205 0.10481366459627331 0.07660455486542446
1 0.47515527950310554 0.4875776397515528 0.10947204968944099 0.06004140786749481
1 0.4792313664596273 0.6169772256728778 0.10131987577639748 0.062111801242235955
1 0.4722437888198758 0.7329192546583851 0.09666149068322988 0.05383022774327131
1 0.638198757763975 0.49792960662525887 0.025621118012422242 0.06418219461697725
1 0.6416925465838509 0.6231884057971014 0.025621118012422457 0.06625258799171846
1 0.6364518633540373 0.7484472049689441 0.029114906832298074 0.08074534161490689
1 0.15663819875776397 0.38095238095238093 0.11296583850931677 0.062111801242236024
1 0.155473602484472 0.5859213250517599 0.10597826086956522 0.057971014492753666
1 0.4338121118012422 0.2556935817805383 0.41809006211180116 0.07246376811594199
1 0.4378881987577639 0.3581780538302277 0.4285714285714285 0.10351966873706
1 0.1543090062111801 0.2091097308488613 0.08967391304347826 0.033126293995859195
1 0.40819099378881984 0.1884057971014493 0.3575310559006211 0.024844720496894405
1 0.3074534161490683 0.15320910973084886 0.40062111801242234 0.03726708074534162
1 0.17294254658385091 0.10248447204968944 0.07802795031055897 0.03933747412008282
1 0.2696040372670807 0.10869565217391304 0.031444099378881984 0.03519668737060042
1 0.312111801242236 0.10662525879917183 0.03493788819875775 0.03519668737060042
1 0.36451863354037267 0.10248447204968944 0.06288819875776397 0.022774327122153225
1 0.42449534161490676 0.10559006211180125 0.03843167701863358 0.03312629399585923
1 0.4716614906832298 0.10351966873706005 0.032608695652173975 0.041407867494824016
1 0.5130046583850931 0.10766045548654243 0.03610248447204967 0.016563146997929615
0 0.23815993788819875 0.10248447204968944 0.012810559006211192 0.03519668737060041
0 0.1152950310559006 0.10559006211180125 0.01863354037267081 0.041407867494824016
1 0.7168090062111802 0.2432712215320911 0.07569875776397524 0.06418219461697725
1 0.8088121118012421 0.2432712215320911 0.08268633540372676 0.06418219461697725
