1 0.24805598755832037 0.29030108032193735 0.22239502332814928 0.11612234318299638
1 0.25505443234836706 0.37739761534473815 0.22395023328149308 0.03041299464316573
1 0.0964230171073095 0.5073440470019008 0.04976671850699845 0.024883359253499222
1 0.15707620528771385 0.5114912735441507 0.052877138413685874 0.06082598928633139
1 0.22706065318818042 0.503196820459651 0.05598755832037327 0.033177812337998915
1 0.2931570762052877 0.5018144116122343 0.051321928460342184 0.013824088474166203
1 0.3499222395023328 0.508732427893759 0.04665629860031117 0.04975477441811468
1 0.3740279937791602 0.5018144116122343 0.020217729393468175 0.002764817694833255
1 0.41368584758942456 0.5156385000864006 0.049766718506998445 0.058061171591498206
1 0.5482115085536547 0.6884396060134784 0.13841368584758945 0.06082598928633146
1 0.7278382581648518 0.7050452339069152 0.16485225505443218 0.12721505741120448
1 0.9245723172628305 0.7119405564195611 0.12286158631415248 0.15206497321582851
0 0.30715396578538107 0.7299118714359771 0.28149300155520995 0.32624848799032313
0 0.5653188180404354 0.5695524451356488 0.13530326594090197 0.17141869707966137
0 0.7255054432348368 0.5501987212718161 0.11041990668740269 0.18800760324866075
0 0.9144634525660965 0.5280801797131502 0.13063763608087087 0.19906687402799383
