1 0.20479024943310656 0.13718820861678005 0.07227891156462583 0.029478458049886632
1 0.27494331065759636 0.13378684807256236 0.06519274376417236 0.03174603174603176
1 0.3380102040816327 0.14285714285714285 0.05527210884353742 0.04535147392290249
1 0.3883219954648526 0.1417233560090703 0.03968253968253968 0.029478458049886632
1 0.4301303854875283 0.1383219954648526 0.04393424036281182 0.040816326530612235
1 0.48540249433106575 0.13718820861678005 0.04960317460317469 0.03401360544217687
1 0.5428004535147393 0.1405895691609977 0.051020408163265356 0.03628117913832199
1 0.6094104308390023 0.1417233560090703 0.06802721088435383 0.03401360544217687
1 0.6746031746031746 0.1383219954648526 0.05385487528344683 0.040816326530612235
1 0.7270408163265306 0.1417233560090703 0.04251700680272109 0.03401360544217687
1 0.26927437641723356 0.18594104308390022 0.3599773242630386 0.027210884353741492
1 0.4471371882086168 0.7267573696145125 0.4606009070294785 0.19274376417233563
1 0.44784580498866206 0.8707482993197279 0.45351473922902485 0.08616780045351476
1 0.7568027210884354 0.5056689342403629 0.1105442176870747 0.027210884353741492
1 0.7497165532879819 0.5578231292517006 0.045351473922902556 0.018140589569160995
1 0.8418367346938774 0.5600907029478458 0.07653061224489804 0.02721088435374156
1 0.7929421768707482 0.6122448979591837 0.1658163265306122 0.0498866213151927
1 0.7936507936507937 0.6609977324263038 0.16723356009070287 0.04761904761904752
1 0.796485260770975 0.7074829931972789 0.16439909297052138 0.03628117913832199
1 0.7915249433106575 0.753968253968254 0.15731292517006792 0.04308390022675738
1 0.796485260770975 0.8038548752834467 0.15873015873015872 0.04308390022675724
0 0.1459750566893424 0.3163265306122449 0.11054421768707483 0.10204081632653064
0 0.14526643990929705 0.5124716553287982 0.10912698412698413 0.09523809523809518
0 0.14526643990929705 0.7074829931972789 0.11479591836734696 0.09977324263038553
0 0.14526643990929705 0.891156462585034 0.11479591836734696 0.07709750566893434
0 0.796485260770975 0.3185941043083901 0.20691609977324263 0.20634920634920637
1 0.14384920634920634 0.40362811791383224 0.11763038548752835 0.06349206349206347
1 0.14384920634920634 0.6043083900226758 0.12329931972789115 0.061224489795918303
1 0.14384920634920634 0.7925170068027211 0.12046485260770975 0.06575963718820844
