1 0.3415532879818594 0.3356009070294785 0.6462585034013606 0.13605442176870747
1 0.34580498866213155 0.4444444444444444 0.649092970521542 0.06802721088435376
1 0.24092970521541945 0.4954648526077098 0.43934240362811783 0.02947845804988667
0 0.4662698412698413 0.7324263038548753 0.5158730158730159 0.3900226757369614
0 0.854591836734694 0.7233560090702947 0.21541950113378688 0.19501133786848066
0 0.8538832199546484 0.39682539682539686 0.2054988662131518 0.27664399092970515
0 0.854591836734694 0.8934240362811792 0.20691609977324263 0.0634920634920634
0 0.10841836734693876 0.7233560090702948 0.157312925170068 0.14965986394557818
1 0.10629251700680271 0.8696145124716554 0.17006802721088435 0.0748299319727893
1 0.09141156462585034 0.6201814058956916 0.14314058956916098 0.04308390022675738
1 0.10274943310657597 0.2562358276643991 0.15731292517006804 0.022675736961451243
1 0.05314625850340136 0.2324263038548753 0.058106575963718814 0.02494331065759635
1 0.1502267573696145 0.19160997732426302 0.08219954648526075 0.03401360544217688
1 0.21400226757369617 0.19274376417233563 0.04251700680272105 0.040816326530612235
1 0.2501417233560091 0.19387755102040816 0.02692743764172338 0.03401360544217688
1 0.28840702947845803 0.19274376417233563 0.04676870748299322 0.04535147392290252
1 0.35359977324263037 0.19614512471655332 0.07227891156462586 0.04761904761904763
1 0.77593537414966 0.5691609977324262 0.06377551020408148 0.045351473922902556
