1 0.34882778345053694 0.18588469184890655 0.2756864740173598 0.025844930417495037
1 0.6835899304716168 0.1441351888667992 0.38258531088123404 0.025844930417495016
1 0.5176154206040224 0.25844930417495027 0.6076354937525482 0.09542743538767401
1 0.5373594693164454 0.33443866696465446 0.5639828206410062 0.048288722135309076
1 0.5438669634007648 0.38541009588525854 0.555306161861914 0.044456283870602034
1 0.5387138752482081 0.42544731610337977 0.5598123298923938 0.031809145129224635
1 0.5436500469312874 0.4616372929702821 0.5607290735988465 0.03372545672942216
1 0.3736417639784457 0.4919902040267622 0.2660480498139209 0.020235274037653427
0 0.5168066338334704 0.5952744152606178 0.626346305615733 0.18127432992064457
1 0.3271131812755626 0.7015096039582979 0.21116818303616128 0.017705864782946605
1 0.37414592902355975 0.7365805168986083 0.3094440014480569 0.025844930417494964
1 0.5232416751758053 0.7952286282306162 0.6076354937525481 0.07157057654075544
