1 0.4949785895690297 0.11180124223602488 0.2725677055844128 0.0662525879917184
1 0.2201151034318005 0.6252587991718426 0.10481366459627328 0.04140786749482388
1 0.3651009316770185 0.6987577639751552 0.3924689440993788 0.1014492753623189
1 0.4745729813664596 0.8581780538302277 0.23408385093167708 0.1594202898550725
1 0.4891304347826086 0.46169772256728775 0.5892857142857142 0.1283643892339544
1 0.26378105590062106 0.5641821946169772 0.2061335403726708 0.0393374741200828
1 0.3860636645962732 0.3643892339544513 0.2224378881987577 0.05383022774327124
1 0.48156055900621114 0.16770186335403725 0.13392857142857145 0.02898550724637678
1 0.7249611801242236 0.09937888198757765 0.045419254658385026 0.028985507246376815
1 0.7814440993788818 0.09730848861283643 0.04658385093167695 0.020703933747412008
1 0.3406444099378882 0.3084886128364389 0.3761645962732919 0.033126293995859195
1 0.20904503105590058 0.3592132505175984 0.09899068322981366 0.031055900621118012
0 0.10714285714285712 0.42857142857142855 0.08385093167701861 0.691511387163561
0 0.8519021739130435 0.4244306418219462 0.07336956521739126 0.6915113871635612
0 0.7039984472049688 0.7805383022774328 0.19914596273291912 0.31884057971014507
0 0.2567934782608695 0.8612836438923395 0.19215838509316768 0.14492753623188392
