0 0.25083426028921024 0.478556420714374 0.29254727474972186 0.5022864911630207
1 0.24694104560622912 0.7900135953528613 0.3136818687430478 0.09294277592386607
1 0.7385984427141267 0.11568409343715239 0.318131256952169 0.045482635026572724
1 0.6440489432703004 0.27882832777159805 0.48053392658509464 0.06328018786305772
1 0.5155728587319244 0.332220986281053 0.221357063403782 0.03164009393152892
1 0.4593993325917687 0.3866023977258682 0.10901001112347053 0.06130268199233718
1 0.46551724137931033 0.44296131504140407 0.12347052280311466 0.023730070448646643
1 0.5011123470522802 0.4716351501668521 0.19021134593993325 0.013842541095043898
1 0.44771968854282534 0.5092077617105426 0.09010011123470527 0.021752564577926067
1 0.6307007786429366 0.614015572858732 0.4427141268075639 0.164132987269806
1 0.42880978865406005 0.7376096897787664 0.05228031145717466 0.027685082190087796
1 0.5917686318131257 0.7316771721666049 0.24249165739710782 0.03955011741441112
1 0.5361512791991102 0.7722160425163761 0.12458286985539495 0.029662588060808303
1 0.478309232480534 0.8898776418242491 0.16462736373748613 0.05141515263873444
1 0.764182424916574 0.8770238536645656 0.20022246941045607 0.02570757631936715
