1 0.588646967340591 0.2709521340936582 0.2721617418351478 0.08847416623466386
1 0.5629860031104199 0.33729103704521873 0.21461897356143084 0.06635562467599797
1 0.5489891135303268 0.5972615369372887 0.20217729393468162 0.199188703734609
1 0.5917573872472783 0.8391221703818904 0.2721617418351477 0.22947986867115958
1 0.8670295489891134 0.26956972524624156 0.14774494556765164 0.08570934853983064
1 0.8771384136858477 0.4091858523819903 0.1804043545878694 0.18802193615532148
1 0.8265940902021773 0.5819941247623985 0.06998444790046648 0.030412994643165804
1 0.8810264385692065 0.6483533326650616 0.17262830482115082 0.09679011867915495
1 0.8810264385692068 0.7617072749265595 0.16951788491446337 0.11888716087782968
0 0.25194401244167963 0.6179367547952307 0.4136858475894246 0.649732158285813
