0 0.25280898876404495 0.47640449438202237 0.2808988764044944 0.5093632958801497
1 0.24662921348314604 0.7800249687890138 0.3044943820224719 0.0699126092384519
1 0.601685393258427 0.2776529338327091 0.3876404494382022 0.05193508114856428
1 0.5117977528089888 0.3275905118601748 0.21460674157303372 0.023970037453183473
1 0.49101123595505614 0.38252184769038705 0.17078651685393262 0.05792759051186017
1 0.6185393258426967 0.5313358302122347 0.42134831460674155 0.1957553058676654
1 0.5382022471910113 0.6891385767790262 0.25168539325842704 0.05992509363295895
1 0.5404494382022471 0.7670411985018727 0.24943820224719096 0.0878901373283395
1 0.7415730337078651 0.11985018726591762 0.3033707865168539 0.03995006242197254
0 0.3704115684093437 0.1206278581139538 0.3870967741935483 0.05932517612161663
1 0.6662958843159066 0.9027314299839326 0.5161290322580645 0.07712272895810159
