1 0.252247191011236 0.11685393258426967 0.07977528089887638 0.03395755305867665
1 0.06910112359550562 0.13083645443196004 0.07752808988764044 0.021972534332084875
1 0.05955056179775282 0.19775280898876402 0.06516853932584271 0.027965043695380772
1 0.06123595505617978 0.26666666666666666 0.06404494382022471 0.029962546816479366
1 0.0550561797752809 0.33058676654182273 0.04943820224719102 0.03395755305867663
1 0.052808988764044947 0.39650436953807744 0.04494382022471909 0.02596754057428214
1 0.04775280898876405 0.46541822721598003 0.03707865168539327 0.02397003745318344
1 0.4370786516853933 0.20574282147315856 0.4449438202247191 0.12384519350811482
1 0.501685393258427 0.3325842696629213 0.3224719101123595 0.10986267166042449
1 0.501685393258427 0.5083645443196005 0.3179775280898876 0.22571785268414488
1 0.43426966292134833 0.6741573033707866 0.45955056179775283 0.0938826466916354
1 0.2410112359550562 0.7440699126092385 0.05730337078651683 0.025967540574282282
1 0.29606741573033707 0.7880149812734081 0.1269662921348315 0.03395755305867667
1 0.3073033707865168 0.82896379525593 0.19662921348314605 0.0279650436953807
1 0.4308988764044943 0.911860174781523 0.45056179775280897 0.07390761548064916
0 0.27640449438202247 0.4114856429463171 0.1168539325842697 0.2556803995006242
1 0.2758426966292135 0.5822721598002496 0.1134831460674157 0.07390761548064916
