0 0.5707620528771377 0.5447276119176798 0.15863141524105787 0.09364786777559017
0 0.2651632970451011 0.49628477622256784 0.4525660964230171 0.550198721271816
1 0.6469673405909798 0.258505676831355 0.26127527216174196 0.14100570243649557
1 0.6228615863141524 0.3442054701000787 0.2130637636080871 0.03594263003283224
1 0.6360808709175738 0.40089856575082083 0.23950233281493005 0.07188526006566434
1 0.5707620528771384 0.6124071194055642 0.1213063763608087 0.03041299464316573
1 0.6384136858475894 0.7700017280110591 0.26283048211508553 0.24053913945049246
1 0.8398133748055989 0.22256782443407638 0.08087091757387256 0.0525315362018317
1 0.8818040435458786 0.34007257646448935 0.15863141524105756 0.1769483324693278
1 0.8654743390357698 0.470019008121652 0.13219284603421458 0.03870744772766543
1 0.8320373250388804 0.521168135476067 0.0653188180404355 0.03594263003283217
1 0.8716951788491446 0.5667780721697084 0.1384136858475894 0.06082598928633139
1 0.8506998444790047 0.6262312078797304 0.09020217729393465 0.03594263003283224
1 0.890357698289269 0.7008812856402281 0.17573872472783833 0.11335752548816316
1 0.8856920684292379 0.800414722654225 0.19129082426127525 0.0801797131501641
1 0.8491446345256609 0.873682391567306 0.11819595645412136 0.033177812337998915
