1 0.04606741573033708 0.1927590511860175 0.04494382022471911 0.013982521847690386
1 0.08370786516853933 0.6471910112359549 0.11573033707865168 0.02397003745318344
1 0.06404494382022471 0.7440699126092385 0.06741573033707864 0.03795255930087393
1 0.06741573033707865 0.8449438202247191 0.08988764044943819 0.031960049937577964
1 0.09831460674157302 0.3785268414481898 0.13595505617977527 0.03395755305867659
1 0.08370786516853933 0.5093632958801498 0.10674157303370788 0.027965043695380772
1 0.08202247191011235 0.2556803995006242 0.10337078651685394 0.027965043695380772
1 0.23876404494382023 0.11585518102372035 0.05505617977528093 0.03995006242197254
1 0.28370786516853935 0.1927590511860175 0.14719101123595507 0.04194756554307116
1 0.4370786516853933 0.26666666666666666 0.4202247191011236 0.07790262172284645
1 0.49550561797752807 0.40449438202247195 0.5707865168539326 0.1857677902621723
1 0.49438202247191015 0.56729088639201 0.5640449438202247 0.1318352059925094
1 0.4904494382022472 0.7151061173533084 0.5741573033707865 0.15580524344569283
1 0.496067415730337 0.8709113607990012 0.5786516853932584 0.1478152309612983
0 0.8752808988764045 0.59625468164794 0.17977528089887643 0.3655430711610488
0 0.8685393258426967 0.8709113607990011 0.12584269662921357 0.16779026217228463
1 0.8646067415730337 0.3585518102372035 0.1 0.0779026217228465
