0 0.10983560090702948 0.4659863945578231 0.1856575963718821 0.20181405895691612
0 0.29407596371882083 0.4682539682539682 0.17431972789115646 0.19274376417233555
0 0.47406462585034015 0.4659863945578232 0.16298185941043086 0.19274376417233563
0 0.6164965986394557 0.46371882086167804 0.10487528344671197 0.1972789115646259
0 0.7688492063492063 0.4625850340136054 0.16581632653061207 0.19047619047619035
0 0.9254535147392289 0.4682539682539682 0.12188208616780045 0.2108843537414966
0 0.062358276643990934 0.7335600907029479 0.0935374149659864 0.19274376417233563
0 0.20975056689342403 0.7290249433106575 0.16439909297052155 0.20181405895691618
0 0.41950113378684806 0.7233560090702947 0.2210884353741496 0.199546485260771
0 0.6483843537414967 0.7256235827664399 0.22250566893424042 0.19954648526077087
0 0.822704081632653 0.7369614512471655 0.10345804988662125 0.199546485260771
0 0.9332482993197279 0.727891156462585 0.10345804988662138 0.20861678004535145
1 0.07511337868480725 0.590702947845805 0.13038548752834467 0.06122448979591837
1 0.29549319727891155 0.5929705215419502 0.1629818594104308 0.03401360544217681
1 0.46839569160997724 0.5941043083900227 0.157312925170068 0.0498866213151927
1 0.6164965986394557 0.5929705215419502 0.0963718820861677 0.052154195011337875
1 0.7617630385487528 0.5963718820861678 0.1601473922902494 0.04988662131519277
1 0.9204931972789115 0.5918367346938775 0.12896825396825393 0.03628117913832199
1 0.06448412698412699 0.8605442176870749 0.10345804988662133 0.04761904761904759
1 0.21329365079365076 0.8605442176870749 0.17431972789115643 0.04761904761904759
1 0.39753401360544216 0.8571428571428572 0.18282312925170063 0.05895691609977334
1 0.6363378684807256 0.8605442176870749 0.19274376417233555 0.052154195011337945
1 0.8205782312925171 0.8594104308390023 0.0992063492063491 0.03628117913832199
1 0.9289965986394557 0.8582766439909298 0.10062358276643991 0.047619047619047734
1 0.06094104308390023 0.30839002267573695 0.028344671201814053 0.027210884353741492
1 0.14314058956916098 0.30952380952380953 0.03401360544217688 0.02947845804988667
1 0.23384353741496597 0.31179138321995464 0.039682539682539646 0.024943310657596383
1 0.3238378684807256 0.31179138321995464 0.04676870748299322 0.024943310657596383
1 0.4180839002267574 0.3129251700680272 0.04818594104308389 0.022675736961451278
1 0.5031179138321995 0.31405895691609975 0.02267573696145121 0.024943310657596383
1 0.5895691609977324 0.31179138321995464 0.048185941043083956 0.0204081632653061
1 0.6781462585034014 0.31179138321995464 0.032596371882086146 0.03401360544217688
1 0.7624716553287982 0.31179138321995464 0.02834467120181401 0.024943310657596383
1 0.8390022675736961 0.30952380952380953 0.025510204081632536 0.024943310657596314
1 0.931831065759637 0.31405895691609975 0.06944444444444443 0.03401360544217681
0 0.8793934240362811 0.31065759637188206 0.035430839002267615 0.04535147392290242
0 0.8056960549399794 0.30839002267573695 0.032598819825256 0.05442176870748297
0 0.7242063492063491 0.31179138321995464 0.02834467120181401 0.052154195011337875
0 0.6398809523809524 0.31065759637188206 0.032596371882086216 0.04988662131519277
0 0.5428004535147393 0.30839002267573695 0.02834467120181415 0.0498866213151927
0 0.4719387755102041 0.31179138321995464 0.03401360544217688 0.056689342403628086
0 0.37485827664399096 0.3061224489795918 0.032596371882086216 0.054421768707482984
0 0.2784863945578231 0.31065759637188206 0.035430839002267546 0.054421768707482984
0 0.19203514739229025 0.31405895691609975 0.026927437641723343 0.04761904761904759
0 0.10629251700680271 0.30725623582766437 0.031179138321995464 0.04761904761904759
0 0.026218820861678004 0.30725623582766437 0.03543083900226757 0.052154195011337806
1 0.13180272108843535 0.2414965986394558 0.017006802721088423 0.020408163265306135
1 0.17006802721088435 0.23922902494331066 0.03968253968253972 0.011337868480725604
1 0.21825396825396823 0.23922902494331066 0.034013605442176846 0.0204081632653061
1 0.26218820861678005 0.24036281179138322 0.034013605442176846 0.036281179138322024
1 0.30257936507936506 0.24036281179138322 0.03543083900226758 0.022675736961451243
1 0.3514739229024943 0.24036281179138322 0.03117913832199541 0.027210884353741457
1 0.5704365079365079 0.24263038548752838 0.03543083900226748 0.03174603174603174
1 0.8765589569160998 0.2369614512471655 0.026927437641723485 0.029478458049886632
1 0.9346655328798187 0.23582766439909297 0.06377551020408148 0.027210884353741492
1 0.14101473922902494 0.17006802721088435 0.03259637188208618 0.03174603174603176
