1 0.4675854037267081 0.2670807453416149 0.21079192546583847 0.11594202898550723
1 0.47282608695652173 0.4120082815734989 0.21428571428571425 0.1573498964803313
1 0.4343944099378882 0.5641821946169772 0.1350931677018634 0.08488612836438925
1 0.47399068322981364 0.694616977225673 0.2119565217391304 0.15942028985507237
1 0.47515527950310554 0.8385093167701864 0.2119565217391304 0.08281573498964803
1 0.25388198757763975 0.8571428571428571 0.19099378881987575 0.07867494824016574
1 0.25271739130434784 0.7587991718426501 0.20031055900621117 0.07660455486542446
1 0.2573757763975155 0.6718426501035196 0.2096273291925466 0.05590062111801245
1 0.22302018633540371 0.5714285714285714 0.12461180124223603 0.11180124223602483
0 0.32434006211180116 0.5683229813664596 0.07336956521739126 0.10973084886128355
0 0.6981754658385093 0.515527950310559 0.2061335403726708 0.7122153209109731
0 0.2591226708074534 0.3447204968944099 0.2038043478260869 0.2712215320910973
1 0.18051242236024842 0.16977225672877846 0.06288819875776396 0.05383022774327124
1 0.26028726708074534 0.17287784679089024 0.08035714285714285 0.03519668737060042
1 0.3633540372670807 0.17908902691511386 0.10481366459627328 0.031055900621117977
0 0.4803959627329192 0.17391304347826086 0.10597826086956523 0.037267080745341644
0 0.556682511016077 0.17701863354037237 0.020970971493060632 0.03105590062111812
