0 0.2516853932584269 0.47640449438202254 0.2876404494382022 0.5133583021223471
1 0.24943820224719102 0.7800249687890137 0.30337078651685395 0.08189762796504368
1 0.6393258426966292 0.3046192259675406 0.46516853932584257 0.06991260923845193
1 0.5117977528089888 0.35655430711610486 0.21460674157303372 0.029962546816479405
1 0.48820224719101124 0.41647940074906376 0.16067415730337076 0.05393258426966291
1 0.500561797752809 0.46441947565543074 0.19213483146067417 0.021972534332084806
1 0.44606741573033715 0.4963795255930087 0.07640449438202246 0.021972534332084875
1 0.6297752808988765 0.5842696629213483 0.44606741573033704 0.12184769038701618
1 0.5595505617977529 0.7270911360799002 0.28764044943820216 0.03995006242197249
1 0.7432584269662921 0.12084893882646693 0.3112359550561797 0.03395755305867665
0 0.3748609566184649 0.1196391051785935 0.39377085650723026 0.06921270547521939
