0 0.2433903576982893 0.5760324866079143 0.36236391912908245 0.8479350267841714
1 0.6010886469673407 0.2543560614713284 0.2846034214618973 0.1603594263003283
1 0.5520995334370137 0.39536415272560066 0.18973561430793148 0.09401813453099099
1 0.5451010886469674 0.6511145671332297 0.1757387247278382 0.10229825470883014
1 0.5839813374805599 0.8543286677034732 0.2690513219284604 0.2267150509763262
1 0.8623639191290825 0.22118541558665974 0.1353032659409021 0.06082598928633143
1 0.8748055987558321 0.34560221185415585 0.16640746500777595 0.17141869707966134
1 0.8538102643856921 0.4727838258164852 0.13685847589424582 0.05529635389666496
1 0.8662519440124415 0.5571059878733456 0.16174183514774498 0.11335752548816316
1 0.8359253499222397 0.6262240414264001 0.09797822706065318 0.024883359253499222
1 0.8779160186625193 0.7036461033350614 0.1695178849144635 0.11335752548816316
