1 0.5148022933181311 0.283300198807157 0.21379767372774844 0.037773359840954264
1 0.5162088569610769 0.3210735586481113 0.3628934198799941 0.0377733598409543
1 0.8523775676251023 0.8499005964214712 0.045010036574262814 0.029821073558648124
1 0.40734516042348273 0.4944352996396454 0.37664291177692744 0.13448025870857117
1 0.5215191441328649 0.6316979085283938 0.6049908791956916 0.13819005894880745
1 0.7098406000213286 0.44157064621627606 0.15748135684052705 0.01576665102100492
1 0.6593153313683261 0.46058337244748787 0.09317646946397865 0.016694101081064047
1 0.6894992580960939 0.48562452406908385 0.15616901220018944 0.020403901321300422
1 0.6566906420876506 0.5088107755705616 0.08792709090262768 0.018549001201182164
1 0.6593153313683261 0.532460752102069 0.08792709090262768 0.01576665102100492
1 0.5241438334135404 0.7629320920267583 0.6049908791956917 0.11685870756744791
