1 0.1746894409937888 0.13043478260869568 0.19798136645962727 0.05383022774327122
1 0.2567934782608695 0.20289855072463767 0.3668478260869565 0.06211180124223599
1 0.2597049689440994 0.2888198757763975 0.3773291925465838 0.07246376811594199
1 0.24689440993788817 0.8975155279503104 0.3377329192546583 0.031055900621118012
1 0.7849378881987576 0.6128364389233955 0.17934782608695643 0.0786749482401656
1 0.7884316770186334 0.3167701863354037 0.1886645962732919 0.06625258799171842
1 0.7762034161490683 0.7256728778467909 0.17585403726708065 0.05590062111801245
0 0.33715062111801236 0.6190476190476191 0.5229037267080745 0.5175983436853003
0 0.7884316770186335 0.18322981366459629 0.19099378881987575 0.1842650103519669
0 0.7890139751552795 0.4668737060041408 0.19448757763975152 0.19668737060041408
0 0.7930900621118012 0.8540372670807455 0.19099378881987575 0.1718426501035198
