1 0.35891500081691774 0.1478102189781022 0.5577384185356419 0.032846715328467155
1 0.4918942996807397 0.22627737226277375 0.7668903254865076 0.0985401459854015
0 0.47123732121645673 0.3266423357664234 0.7772188147186492 0.08029197080291968
1 0.33696696119861697 0.38321167883211676 0.4105574469776252 0.01459854014598548
1 0.5009317277588635 0.41788321167883213 0.661023310857057 0.02919708029197082
1 0.4492892815981559 0.47536496350364965 0.6713518000891985 0.07116788321167888
0 0.46478201544636827 0.593065693430657 0.810786404723109 0.1459854014598541
1 0.3046904323481747 0.6879562043795622 0.34600438927674076 0.02919708029197082
1 0.3046904323481747 0.7208029197080292 0.3305116554285285 0.018248175182481816
1 0.4983496054508281 0.7481751824817519 0.7126657570177646 0.025547445255474487
1 0.47769262698654513 0.8074817518248176 0.6506948216249155 0.07846715328467141
