1 0.18140589569160998 0.11564625850340135 0.0453514739229025 0.02721088435374151
1 0.4386337868480726 0.12811791383219956 0.03826530612244902 0.020408163265306117
1 0.49248866213151926 0.1292517006802721 0.05810657596371883 0.02267573696145126
1 0.5527210884353742 0.1292517006802721 0.02834467120181408 0.013605442176870763
1 0.6023242630385488 0.12471655328798185 0.04535147392290249 0.027210884353741492
1 0.6604308390022675 0.13038548752834467 0.06235827664399082 0.020408163265306135
1 0.715702947845805 0.1292517006802721 0.03401360544217681 0.03174603174603174
1 0.7773526077097506 0.13038548752834467 0.06377551020408177 0.034013605442176846
1 0.4606009070294785 0.2766439909297052 0.3514739229024943 0.06349206349206347
1 0.47548185941043086 0.5476190476190477 0.3812358276643991 0.4467120181405896
1 0.364937641723356 0.7868480725623583 0.10062358276643991 0.027210884353741277
1 0.34226190476190477 0.8378684807256235 0.035430839002267615 0.03854875283446717
1 0.43721655328798187 0.8321995464852608 0.05810657596371883 0.03174603174603177
1 0.5371315192743764 0.836734693877551 0.04818594104308382 0.03174603174603177
1 0.629251700680272 0.8344671201814059 0.03117913832199534 0.018140589569161137
1 0.6342165060364012 0.784580498866213 0.06378448599570608 0.027210884353741697
0 0.7525510204081632 0.2789115646258503 0.053854875283446686 0.07709750566893422
0 0.8156179138321994 0.2868480725623583 0.04676870748299322 0.07482993197278916
1 0.78656462585034 0.2165532879818594 0.15022675736961447 0.03854875283446713
1 0.7879818594104308 0.3582766439909297 0.14172335600907032 0.027210884353741492
1 0.7886904761904762 0.4104308390022676 0.03543083900226748 0.027210884353741492
1 0.37910997732426305 0.20068027210884354 0.09778911564625858 0.03854875283446713
