1 0.6881355950914286 0.14142335766423358 0.4570356485222622 0.05291970802919707
0 0.544827806995465 0.312043795620438 0.8779215847320289 0.27007299270072993
1 0.45573725337678217 0.4635036496350365 0.7152478793257998 0.025547445255474487
1 0.3743802321971469 0.5045620437956204 0.38731834620530686 0.020072992700729982
1 0.32663847196647544 0.5383211678832117 0.4157216915936961 0.025547445255474487
1 0.5086780946829695 0.5921532846715329 0.7126657570177644 0.07481751824817519
1 0.5577514007314597 0.6569809209912968 0.7313749888274512 0.050727459184960466
1 0.5664621926701173 0.706337367765853 0.7992745235992306 0.04798543436415187
1 0.5722769305444256 0.7460967276675788 0.7992745235992302 0.028791260618491254
1 0.5839064062930427 0.7817430503380917 0.7992745235992302 0.028791260618491254
