1 0.06404494382022471 0.2616729088639201 0.08539325842696628 0.04394506866416975
1 0.045505617977528084 0.30262172284644195 0.03932584269662922 0.029962546816479366
1 0.0848314606741573 0.33957553058676654 0.11348314606741573 0.023970037453183508
1 0.050561797752808994 0.36754057428214737 0.040449438202247195 0.015980024968788982
1 0.09044943820224718 0.40149812734082396 0.10449438202247191 0.02397003745318344
1 0.09325842696629215 0.4364544319600499 0.11685393258426968 0.017977528089887684
1 0.10674157303370785 0.47041198501872655 0.1393258426966292 0.01398252184769035
1 0.09943820224719101 0.5133583021223471 0.1292134831460674 0.0359550561797753
1 0.060112359550561795 0.5523096129837702 0.050561797752808994 0.02596754057428221
1 0.06853932584269662 0.5892634207240949 0.05842696629213481 0.019975031210986316
1 0.05674157303370785 0.6212234706616729 0.04382022471910112 0.019975031210986316
1 0.08988764044943821 0.6591760299625469 0.10337078651685394 0.02796504369538084
1 0.05617977528089888 0.6911360799001248 0.035955056179775284 0.01598002496878905
1 0.06741573033707865 0.7250936329588015 0.06292134831460673 0.0279650436953807
1 0.054494382022471914 0.755056179775281 0.03932584269662922 0.02397003745318358
1 0.10224719101123596 0.7890137328339577 0.12584269662921346 0.02397003745318344
1 0.09606741573033709 0.8199750312109861 0.11797752808988765 0.029962546816479543
1 0.06573033707865168 0.8749063670411985 0.0640449438202247 0.04794007490636688
1 0.08764044943820223 0.9108554381928957 0.11460674157303369 0.02397003745318344
1 0.35449438202247197 0.3535580524344569 0.24157303370786515 0.019975031210986316
1 0.28370786516853935 0.22471910112359553 0.1382022471910112 0.04194756554307116
1 0.4370786516853933 0.4604244694132335 0.45168539325842694 0.18976279650436959
1 0.4348314606741573 0.7580524344569288 0.4449438202247191 0.3895131086142322
0 0.7617977528089886 0.6112359550561797 0.16853932584269657 0.38751560549313346
1 0.7522471910112359 0.3995006242197253 0.09101123595505613 0.03196004993757803
