1 0.3726708074534162 0.21118012422360244 0.44021739130434784 0.10351966873706003
1 0.3656832298136646 0.37888198757763975 0.421583850931677 0.1739130434782609
1 0.3627717391304347 0.5507246376811595 0.43439440993788814 0.11594202898550726
1 0.3633540372670808 0.6842650103519667 0.4262422360248448 0.10973084886128355
0 0.36743012422360244 0.8488612836438924 0.42274844720496885 0.1780538302277432
0 0.7005046583850931 0.7619047619047619 0.2038043478260869 0.3229813664596273
0 0.7005046583850931 0.36231884057971014 0.20846273291925463 0.4554865424430642
1 0.2061335403726708 0.10455486542443065 0.04891304347826086 0.01863354037267081
1 0.41110248447204967 0.11697722567287785 0.3354037267080745 0.04761904761904763
0 0.1653726708074534 0.11076604554865424 0.020962732919254653 0.04761904761904763
1 0.6708074534161491 0.10766045548654243 0.03493788819875775 0.04554865424430641
1 0.7092391304347825 0.10455486542443065 0.032608695652173905 0.03933747412008282
1 0.7366071428571428 0.10559006211180126 0.015139751552795105 0.04554865424430643
1 0.7581521739130435 0.10766045548654243 0.018633540372670863 0.03726708074534162
1 0.7895962732919256 0.10973084886128365 0.03493788819875775 0.037267080745341644
