0 0.46404494382022476 0.29862671660424467 0.16629213483146066 0.1737827715355805
0 0.6078651685393258 0.2956304619225968 0.11235955056179783 0.17178526841448188
0 0.7292134831460675 0.29363295880149815 0.12134831460674164 0.1637952559300874
1 0.4640449438202247 0.4004933907521964 0.09213483146067418 0.02596754057428214
1 0.6129213483146068 0.414481897627965 0.12022471910112373 0.05792759051186024
1 0.7292134831460673 0.41348314606741576 0.10561797752808985 0.05992509363295881
1 0.2348314606741573 0.10087390761548065 0.04494382022471907 0.01797752808988765
1 0.3140449438202247 0.133832709113608 0.17191011235955056 0.03196004993757803
1 0.5842696629213483 0.17578027465667914 0.7393258426966292 0.05593008739076156
1 0.2679775280898877 0.48639200998751564 0.10674157303370783 0.053932584269662985
1 0.5814606741573033 0.5403245942571785 0.7292134831460673 0.04993757802746572
1 0.36573033707865166 0.7091136079900124 0.26853932584269663 0.27565543071161036
1 0.5792134831460675 0.8998751560549313 0.7382022471910114 0.10187265917602986
1 0.06573033707865168 0.16179775280898878 0.07977528089887641 0.09987515605493132
1 0.10224719101123596 0.283645443196005 0.14157303370786517 0.13982521847690388
1 0.07303370786516855 0.398501872659176 0.09213483146067417 0.08988764044943821
1 0.07078651685393259 0.529338327091136 0.08988764044943821 0.16379525593008737
1 0.0651685393258427 0.666167290886392 0.08089887640449439 0.10187265917602993
