0 0.2567415730337078 0.45243445692883894 0.2640449438202247 0.4614232209737827
1 0.2269662921348314 0.7280898876404494 0.3393258426966292 0.08189762796504368
1 0.5162921348314606 0.28564294631710363 0.23483146067415725 0.05593008739076158
1 0.48258426966292134 0.3385737865121781 0.15617977528089888 0.03795255930087393
1 0.5196629213483146 0.38352059925093634 0.23707865168539327 0.03995006242197249
1 0.4949438202247191 0.4963795255930088 0.1831460674157303 0.10187265917603
1 0.6022471910112359 0.6102372034956304 0.39550561797752815 0.06192259675405737
1 0.44719101123595506 0.650187265917603 0.09213483146067418 0.029962546816479405
1 0.6213483146067417 0.7580524344569288 0.4359550561797753 0.16978776529338319
1 0.7921348314606742 0.8818976279650437 0.20449438202247194 0.02596754057428214
1 0.7432584269662921 0.11985018726591762 0.3112359550561797 0.03995006242197254
