1 0.5489891135303266 0.2889162826567441 0.447900466562986 0.23500950406082602
1 0.41912908242612756 0.45066528425781927 0.1819595645412131 0.08294453084499744
1 0.401244167962675 0.5335978710139327 0.15552099533437017 0.08847416623466386
1 0.47356143079315716 0.6400409634472359 0.2908242612752722 0.10782789009849651
1 0.5233281493001555 0.8225332642128911 0.39657853810264376 0.21842059789182655
1 0.8444790046656299 0.23224468636599277 0.10886469673405913 0.06635562467599794
1 0.8825816485225505 0.3442198030067392 0.1912908242612754 0.13547606704682905
1 0.8779160186625193 0.594426249118041 0.1757387247278382 0.2488335925349923
1 0.8398133748055987 0.7451183687575602 0.08709175738724724 0.03594263003283217
1 0.8763608087091757 0.8391221703818905 0.1757387247278382 0.12441679626749604
0 0.16796267496111977 0.4050457922930707 0.24261275272161748 0.4340763780888197
0 0.17418351477449456 0.7133229652669777 0.29237947122861585 0.12718161396232944
