0 0.0855978260869565 0.12422360248447205 0.04076086956521738 0.10766045548654242
0 0.48738354037267073 0.32505175983436857 0.499611801242236 0.11594202898550726
0 0.08443322981366458 0.8902691511387164 0.040760869565217385 0.06625258799171846
1 0.12985248447204967 0.11283643892339544 0.03843167701863352 0.05590062111801244
1 0.17410714285714285 0.11490683229813665 0.040760869565217385 0.06004140786749483
1 0.2352484472049689 0.12111801242236023 0.05590062111801238 0.05175983436853
1 0.2998835403726708 0.12008281573498963 0.043090062111801226 0.0538302277432712
1 0.3540372670807453 0.12215320910973086 0.05590062111801245 0.03726708074534162
1 0.607336956521739 0.12318840579710144 0.08035714285714299 0.0393374741200828
1 0.7133152173913043 0.12318840579710144 0.0966614906832298 0.0393374741200828
1 0.8134704968944098 0.12422360248447205 0.09433229813664595 0.041407867494824016
0 0.8815993788819876 0.12318840579710144 0.023291925465838404 0.0269151138716356
1 0.37441770186335405 0.6376811594202898 0.6300465838509317 0.12836438923395435
1 0.3680124223602484 0.756728778467909 0.6358695652173911 0.08488612836438918
1 0.17934782608695649 0.8333333333333333 0.2352484472049689 0.03933747412008273
0 0.14267425709260728 0.8923395445134575 0.08502971660519792 0.04140786749482429
1 0.07919254658385093 0.520703933747412 0.02562111801242236 0.031055900621118085
1 0.13101708074534157 0.5248447204968945 0.05939440993788819 0.026915113871635653
1 0.4792313664596273 0.48033126293995865 0.06638198757763973 0.01242236024844722
1 0.7598990683229812 0.6107660455486542 0.11995341614906821 0.041407867494824016
1 0.7965838509316769 0.6904761904761904 0.15605590062111788 0.09730848861283632
1 0.8088121118012421 0.8043478260869565 0.1875 0.10559006211180119
1 0.812888198757764 0.9057971014492753 0.19332298136645945 0.08074534161490689
