1 0.06404494382022471 0.1278401997503121 0.07191011235955055 0.027965043695380772
1 0.08033707865168539 0.20674157303370783 0.09775280898876405 0.04194756554307116
1 0.06179775280898877 0.2816479400749064 0.0696629213483146 0.015980024968788982
1 0.08820224719101125 0.34756554307116105 0.1112359550561798 0.027965043695380772
1 0.10112359550561799 0.39650436953807744 0.13258426966292136 0.03395755305867659
1 0.059550561797752796 0.5053682896379526 0.044943820224719086 0.03196004993757803
1 0.05168539325842697 0.5982521847690387 0.05168539325842698 0.02596754057428221
1 0.0544943820224719 0.6331995118461474 0.0550561797752809 0.019975031210986316
1 0.060674157303370786 0.7071146086118943 0.058426966292134834 0.02796504369538084
1 0.5202247191011236 0.1927590511860175 0.6157303370786517 0.2017478152309613
1 0.2741573033707865 0.32359550561797756 0.1213483146067416 0.031960049937578
1 0.5185393258426966 0.5033707865168539 0.6168539325842696 0.29962546816479396
1 0.23988764044943822 0.6861423220973782 0.0550561797752809 0.02596754057428214
1 0.6033707865168538 0.7580524344569289 0.45842696629213486 0.11785268414481904
0 0.29269662921348316 0.8169787765293384 0.14943820224719104 0.21173533083645438
0 0.896067415730337 0.26866416978776525 0.11573033707865164 0.3215980024968789
0 0.8977528089887642 0.7011235955056179 0.1168539325842697 0.29163545568039945
