1 0.5629860031104198 0.25021600138240885 0.3981337480559875 0.1741835147744946
1 0.44245723172628304 0.4700142304860984 0.15396578538102645 0.15482979091066185
1 0.43701399688958004 0.5626404008985658 0.13685847589424577 0.019353723863832713
1 0.4261275272161742 0.63867288750648 0.1026438569206843 0.06082598928633139
1 0.43390357698289267 0.7630896837739762 0.13996889580093316 0.17694833246932773
1 0.5668740279937792 0.752030412994644 0.12286158631415237 0.21012614480732675
1 0.6251944012441679 0.7395887333678935 0.03732503888024887 0.002764817694833255
1 0.38646967340590976 0.942798056302584 0.11041990668740283 0.060825989286331324
1 0.4860031104199066 0.9497148781752203 0.06376360808709172 0.0801797131501641
1 0.5536547433903577 0.9497148781752203 0.05598755832037327 0.06912044237083137
1 0.6228615863141524 0.9428028339381374 0.06998444790046655 0.03870744772766543
1 0.7006220839813375 0.951097287022637 0.057542768273716974 0.07741489545533085
1 0.8716951788491446 0.22947986867115952 0.15707620528771385 0.11612234318299641
1 0.8273716951788492 0.2985859781353301 0.09020217729393465 0.04423708311733197
1 0.8646967340590979 0.3538966649386556 0.13685847589424568 0.033177812337998915
1 0.8771384136858477 0.44375324002073613 0.17107309486780709 0.14100570243649563
1 0.8740279937791601 0.598583030931398 0.1679626749611198 0.11335752548816316
1 0.8786936236391912 0.771384136858476 0.18351477449455686 0.19353723863832728
1 0.8771384136858476 0.9262139277691378 0.19906687402799392 0.06082598928633146
0 0.14307931570762056 0.4423708311733195 0.14930015552099535 0.5529635389666494
0 0.27527216174183505 0.4423708311733193 0.10886469673405923 0.5419042681873163
