1 0.5676516329704511 0.18939001209607742 0.38258164852255055 0.0525315362018317
1 0.5287713841368585 0.2502064461113018 0.3234836702954899 0.04700190081216519
1 0.5124416796267497 0.38292725073440465 0.27216174183514774 0.16312424399516154
1 0.5707620528771384 0.5958182132365647 0.40746500777604977 0.22947986867115935
1 0.41135303265940903 0.8114978816113257 0.057542768273716974 0.07465007776049774
1 0.4813374805598755 0.801780409777204 0.057542768273716904 0.049766718506998445
1 0.5559875583203733 0.8100915845861414 0.06065318818040431 0.049766718506998445
1 0.6275272161741835 0.8170036288232245 0.0451010886469674 0.06912044237083123
1 0.6967340590979783 0.8128564022809747 0.049766718506998445 0.03870744772766543
1 0.2146189735614308 0.7630896837739762 0.17418351477449456 0.06635562467599783
1 0.8421461897356143 0.21565578019699327 0.09797822706065318 0.0663556246759979
1 0.874805598755832 0.3290133056851564 0.1632970451010887 0.14930015552099538
1 0.8732503888024883 0.436841195783653 0.1259720062208399 0.011059270779332948
1 0.8771384136858476 0.6303784344219803 0.15863141524105756 0.3041299464316571
1 0.8468118195956454 0.8100915845861414 0.09797822706065318 0.049766718506998445
0 0.2006220839813375 0.49351995852773456 0.20839813374805602 0.4119578365301538
0 0.8856920684292379 0.895800933125972 0.1757387247278382 0.11059270779332991
0 0.536547433903577 0.9414204250907205 0.3265940902021773 0.0801797131501641
