1 0.2495188799860768 0.06660039761431412 0.31220588924366266 0.025844930417495027
1 0.47322546204255955 0.13618290258449306 0.6367033489299893 0.06163021868787277
1 0.24583140885327764 0.2067594433399603 0.2015817552596877 0.03578528827037775
1 0.47322546204255955 0.3280318091451292 0.6465366052841204 0.18290258449304173
1 0.48060040430815787 0.4512922465208748 0.6514532334611859 0.05964214711729625
1 0.3146642033321954 0.5069582504970179 0.2999143188009987 0.023856858846918527
1 0.5408290994772109 0.5785288270377734 0.4769129331753587 0.09940357852882699
0 0.231081524322081 0.5725646123260438 0.09833256354131105 0.09145129224652088
1 0.4670796768212276 0.6888667992047715 0.5998286376019976 0.10934393638170974
1 0.43512159367030145 0.8091451292246522 0.5506623558313419 0.031809145129224704
1 0.47691293317535866 0.8687872763419483 0.6440782911955876 0.05566600397614323
