1 0.5427682737169517 0.23361515112452552 0.3608087091757386 0.09676861931916364
1 0.4556765163297045 0.3207188526006567 0.19595645412130636 0.0663556246759979
1 0.4206842923794713 0.4147226542249871 0.1446345256609643 0.022118541558665966
1 0.4136858475894246 0.5322274062554 0.14930015552099532 0.09123898392949706
1 0.41290824261275266 0.5972006220839813 0.11353032659409024 0.038707447727665566
1 0.4860031104199066 0.7589424572317263 0.2690513219284603 0.22395023328149308
0 0.19595645412130636 0.43269396924140324 0.21150855365474341 0.4838430965958183
1 0.8367029548989113 0.24606877484015896 0.09642301710730948 0.049766718506998445
1 0.8755832037325039 0.37325038880248834 0.1772939346811819 0.18800760324866078
1 0.8561430793157075 0.4949023673751512 0.13530326594090197 0.033177812337998984
1 0.8662519440124418 0.5792293070675654 0.16485225505443224 0.09676861931916371
1 0.8499222395023329 0.6524969759806463 0.1166407465007775 0.027648176948332548
1 0.8716951788491446 0.7354415068256438 0.1695178849144635 0.11612234318299627
1 0.8569206842923794 0.8308277172973907 0.12752721617418358 0.06912044237083109
1 0.8763608087091757 0.9027129773630551 0.1726283048211509 0.07465007776049774
