0 0.09063444108761329 0.3468277945619335 0.12084592145015105 0.22477341389728095
0 0.21450151057401812 0.3468277945619335 0.1057401812688822 0.21510574018126888
0 0.3345921450151057 0.35407854984894255 0.1283987915407855 0.2344410876132931
0 0.4554380664652568 0.352870090634441 0.10120845921450147 0.23202416918429003
0 0.573262839879154 0.3528700906344411 0.12235649546827801 0.22719033232628405
0 0.7061933534743201 0.3492447129909365 0.13444108761329304 0.22477341389728095
0 0.8376132930513595 0.35407854984894255 0.12235649546827787 0.22960725075528698
1 0.2613293051359517 0.21389728096676733 0.47432024169184295 0.03141993957703928
1 0.3580060422960725 0.6948640483383686 0.311178247734139 0.15709969788519637
0 0.6933534743202417 0.6876132930513595 0.21450151057401812 0.1812688821752267
1 0.053625377643504536 0.15347432024169186 0.09214501510574019 0.05075528700906343
1 0.15709969788519637 0.15588904811018525 0.10271903323262849 0.05075966813008288
1 0.8262839879154079 0.1486404833836858 0.08459214501510587 0.05558912386706948
1 0.9093655589123867 0.15347432024169183 0.048338368580060374 0.060422960725075525
1 0.7575528700906343 0.15830815709969787 0.037764350453172287 0.04592145015105741
1 0.9622356495468277 0.14984894259818732 0.05135951661631424 0.05800604229607251
1 0.30966767371601206 0.14984894259818732 0.09969788519637461 0.029003021148036278
