1 0.5194099378881987 0.25362318840579706 0.5473602484472049 0.15942028985507242
1 0.2835791925465838 0.36542443064182195 0.2410714285714286 0.04347826086956516
1 0.1875 0.4316770186335404 0.041925465838509306 0.031055900621118012
1 0.36335403726708065 0.4730848861283644 0.39363354037267073 0.047619047619047665
1 0.4803959627329192 0.6387163561076605 0.22942546583850926 0.2298136645962733
1 0.4757375776397515 0.8250517598343685 0.22010869565217392 0.09316770186335405
1 0.36285458256703534 0.9006211180124223 0.4392184819042566 0.07453416149068316
1 0.25970496894409933 0.8167701863354037 0.20496894409937888 0.06004140786749474
1 0.7267080745341616 0.3643892339544513 0.03493788819875775 0.04968944099378881
1 0.7686335403726707 0.3716356107660455 0.03493788819875775 0.05590062111801238
1 0.7965838509316769 0.3633540372670808 0.016304347826086883 0.04347826086956523
0 0.7011157915300585 0.5828157349896479 0.20269742156943432 0.30434782608695693
