1 0.06853932584269662 0.12484394506866416 0.07640449438202246 0.03395755305867665
1 0.04662921348314606 0.16579275905118598 0.025842696629213485 0.01997503121098628
1 0.07808988764044944 0.19975031210986266 0.10224719101123597 0.027965043695380772
1 0.05112359550561798 0.23071161048689137 0.0348314606741573 0.021972534332084875
1 0.050561797752808994 0.2966292134831461 0.040449438202247195 0.021972534332084875
1 0.04662921348314606 0.366541822721598 0.030337078651685386 0.021972534332084875
1 0.058988764044943826 0.43146067415730344 0.05955056179775281 0.03196004993757803
1 0.3050561797752809 0.10886541635689471 0.18314606741573036 0.03395755305867665
1 0.6162921348314607 0.23470212795803 0.4865168539325843 0.20574282147315856
1 0.5303370786516853 0.4214731585518102 0.6494382022471911 0.16379525593008742
1 0.5455056179775282 0.5612983770287141 0.6775280898876406 0.10786516853932589
1 0.5297752808988764 0.7071146086118943 0.6438202247191012 0.17977528089887643
1 0.5297752808988764 0.8749063670411985 0.646067415730337 0.12784019975031213
0 0.2910112359550562 0.22371586079198758 0.15730337078651688 0.18776529338327091
