1 0.4879658385093167 0.12215320910973083 0.5194099378881987 0.05797101449275362
1 0.19798136645962733 0.2546583850931677 0.060559006211180134 0.024844720496894405
1 0.37092391304347827 0.31677018633540377 0.40877329192546585 0.09937888198757769
1 0.4746148607833047 0.45238095238095233 0.22950922467219942 0.10559006211180134
1 0.47399068322981364 0.6076604554865425 0.2166149068322981 0.134575569358178
1 0.2591226708074534 0.7070393374741201 0.19681677018633537 0.08074534161490689
1 0.4745729813664596 0.7536231884057972 0.21777950310559008 0.07039337474120089
1 0.3697593167701863 0.8509316770186335 0.42041925465838503 0.14492753623188406
0 0.25854037267080743 0.5320910973084887 0.19565217391304343 0.26501035196687384
0 0.6975931677018633 0.5900621118012422 0.20031055900621111 0.6956521739130435
