1 0.44288548752834456 0.30952380952380953 0.46060090702947837 0.19274376417233563
1 0.4372165532879819 0.4512471655328798 0.4577664399092971 0.08616780045351476
1 0.4443027210884354 0.5736961451247166 0.4549319727891157 0.15419501133786845
1 0.4414682539682539 0.7165532879818594 0.45209750566893425 0.11791383219954653
1 0.7957766439909296 0.39342403628117917 0.16298185941043072 0.06122448979591837
1 0.7950680272108843 0.3412698412698413 0.1530612244897961 0.029478458049886597
1 0.794359410430839 0.29365079365079366 0.15447845804988675 0.03854875283446713
1 0.796485260770975 0.2505668934240363 0.16439909297052138 0.034013605442176846
0 0.7971938775510204 0.6292517006802721 0.199829931972789 0.28344671201814065
0 0.7979024943310659 0.8820861678004536 0.20975056689342408 0.08163265306122454
0 0.4492630385487529 0.8605442176870747 0.4478458049886621 0.15192743764172334
0 0.1473922902494331 0.8866213151927437 0.11621315192743763 0.07256235827664412
0 0.14526643990929705 0.7086167800453516 0.12046485260770975 0.09750566893424051
0 0.14668367346938777 0.5124716553287982 0.11479591836734693 0.10430839002267568
0 0.1445578231292517 0.31859410430839 0.11621315192743766 0.10657596371882086
1 0.14526643990929705 0.40362811791383224 0.11763038548752835 0.06349206349206347
1 0.14526643990929705 0.5963718820861678 0.11479591836734696 0.058956916099773264
1 0.1417233560090703 0.7913832199546484 0.11621315192743766 0.058956916099773195
1 0.2671485260770975 0.18480725623582764 0.3585600907029478 0.04308390022675734
1 0.20549886621315194 0.1405895691609977 0.06235827664399093 0.03628117913832199
1 0.2728174603174603 0.1383219954648526 0.05810657596371879 0.040816326530612235
1 0.3373015873015873 0.13945578231292516 0.05385487528344676 0.03401360544217688
1 0.38619614512471656 0.13945578231292516 0.035430839002267546 0.03401360544217688
1 0.43154761904761907 0.1417233560090703 0.0552721088435375 0.04308390022675738
1 0.4889455782312925 0.1383219954648526 0.05102040816326522 0.04535147392290249
1 0.5505952380952381 0.1417233560090703 0.05810657596371883 0.03401360544217687
1 0.608701814058957 0.13945578231292516 0.05527210884353742 0.029478458049886615
1 0.6738945578231292 0.13945578231292516 0.06094104308390016 0.03854875283446711
1 0.7256235827664399 0.1326530612244898 0.036848072562358426 0.043083900226757364
