1 0.06629213483146067 0.1568039950062422 0.08089887640449436 0.03395755305867665
1 0.05 0.19176029962546817 0.039325842696629205 0.023970037453183508
1 0.07696629213483146 0.24269662921348314 0.08876404494382023 0.06192259675405747
1 0.10617977528089881 0.31761122566828914 0.14719101123595496 0.0759215774289629
1 0.0893258426966292 0.39250936329588015 0.11573033707865166 0.053932584269662985
1 0.06573033707865168 0.481398252184769 0.07078651685393257 0.09188514357053684
1 0.24943820224719102 0.11585518102372035 0.07415730337078649 0.04794007490636705
1 0.2876404494382022 0.20074906367041198 0.1595505617977528 0.02596754057428214
1 0.32640449438202246 0.2636704119850187 0.19438202247191014 0.03196004993757803
1 0.5028089887640449 0.3905118601747815 0.5853932584269663 0.2017478152309613
1 0.5073033707865169 0.5692883895131087 0.5876404494382023 0.13583021223470673
1 0.5837078651685392 0.6931335830212234 0.7561797752808989 0.10786516853932582
1 0.5837078651685393 0.8139825218476904 0.744943820224719 0.11785268414481904
1 0.24157303370786518 0.9008739076154807 0.05393258426966291 0.0279650436953807
0 0.8814606741573033 0.398501872659176 0.14719101123595507 0.21373283395755308
