0 0.24550561797752807 0.4774032459425717 0.2730337078651685 0.5073657927590511
1 0.24438202247191007 0.7890137328339576 0.30674157303370786 0.07990012484394499
1 0.5544943820224719 0.2606741573033708 0.30000000000000004 0.03395755305867667
1 0.5157303370786517 0.2976279650436954 0.22471910112359553 0.027965043695380772
1 0.501685393258427 0.3695380774032459 0.18764044943820224 0.0958801498127341
1 0.44213483146067417 0.43745318352059925 0.07752808988764037 0.02796504369538084
1 0.6191011235955056 0.5463171036204745 0.4247191011235955 0.17777777777777778
1 0.4589887640449438 0.6681647940074907 0.11123595505617971 0.03395755305867667
1 0.5589887640449438 0.7660424469413233 0.3134831460674157 0.13383270911360795
1 0.49719101123595505 0.8679151061173533 0.19213483146067417 0.03795255930087393
1 0.7387640449438203 0.1188514357053683 0.30674157303370786 0.0459425717852684
1 0.5761957730812013 0.9185514769496972 0.21134593993325915 0.04943764676801379
0 0.3731924360400445 0.12161661104931407 0.385984427141268 0.057347670250896064
