0 0.7691011235955056 0.2636704119850187 0.1561797752808988 0.19575530586766546
0 0.2882022471910113 0.6242197253433208 0.14943820224719107 0.15380774032459413
1 0.06629213483146067 0.14681647940074907 0.08089887640449436 0.05792759051186017
1 0.08033707865168539 0.2017478152309613 0.09775280898876405 0.027965043695380772
1 0.06573033707865168 0.23370786516853934 0.07078651685393257 0.023970037453183508
1 0.07528089887640449 0.26666666666666666 0.08988764044943819 0.029962546816479366
1 0.08370786516853933 0.299625468164794 0.10224719101123596 0.027965043695380772
1 0.08033707865168538 0.32558702371099796 0.10224719101123593 0.03196004993757803
1 0.08876404494382023 0.3615480649188514 0.11685393258426964 0.019975031210986247
1 0.09943820224719101 0.401498127340824 0.13146067415730336 0.0359550561797753
1 0.05168539325842697 0.4324594257178526 0.03370786516853933 0.021972534332084948
1 0.060674157303370786 0.46242197253433204 0.058426966292134834 0.02596754057428214
1 0.050561797752808994 0.4963795255930087 0.035955056179775284 0.01398252184769042
1 0.058988764044943826 0.5283395755305867 0.0550561797752809 0.02596754057428214
1 0.06235955056179774 0.5632958801498127 0.07078651685393257 0.027965043695380772
1 0.06179775280898877 0.5972534332084893 0.05393258426966293 0.02397003745318365
1 0.2533707865168539 0.10686342446473743 0.08426966292134834 0.02596754057428214
1 0.3550561797752809 0.14282147315855181 0.2382022471910113 0.021972534332084893
1 0.4483146067415731 0.2526841448189763 0.46741573033707867 0.18576779026217227
1 0.2589887640449438 0.3745333314630121 0.08651685393258429 0.03795255930087393
1 0.35449438202247197 0.4094881398252185 0.24382022471910111 0.019975031210986316
1 0.5426966292134832 0.4794007490636705 0.6651685393258426 0.10786516853932582
1 0.6078651685393258 0.6202247191011235 0.4629213483146068 0.15380774032459413
1 0.5348314606741573 0.8249687890137329 0.6404494382022472 0.22771535580524344
