1 0.06797752808988763 0.1258337190870962 0.07528089887640449 0.03995006242197254
1 0.04382022471910112 0.16479400749063672 0.03146067415730337 0.029962546816479405
1 0.07865168539325841 0.19975031210986266 0.08988764044943819 0.023970037453183508
1 0.049438202247191004 0.23270911360799001 0.04719101123595506 0.021972534332084875
1 0.06123595505617978 0.26267166042446943 0.06404494382022471 0.02596754057428214
1 0.07696629213483146 0.2976279650436954 0.08876404494382023 0.027965043695380772
1 0.06460674157303371 0.33158551810237197 0.05955056179775282 0.023970037453183508
1 0.06123595505617978 0.3605493133583021 0.03707865168539327 0.02596754057428214
1 0.07191011235955055 0.39650436953807744 0.06966292134831459 0.02596754057428214
1 0.06573033707865168 0.42946317103620474 0.0640449438202247 0.027965043695380772
1 0.08146067415730338 0.468414481897628 0.08876404494382023 0.021972534332084948
1 0.10056179775280899 0.4983770287141074 0.12022471910112359 0.029962546816479474
1 0.06629213483146067 0.5283395755305869 0.06966292134831459 0.029962546816479405
1 0.07359550561797752 0.5622971285892634 0.09101123595505617 0.03395755305867667
1 0.058426966292134834 0.5962546816479402 0.049438202247191004 0.02596754057428221
1 0.05730337078651686 0.631210986267166 0.038202247191011236 0.02397003745318358
1 0.0741573033707865 0.6641697877652933 0.0741573033707865 0.02596754057428214
1 0.06348314606741573 0.6961298377028714 0.0550561797752809 0.017977528089887757
1 0.05786516853932585 0.7290886392009988 0.03932584269662922 0.03595505617977523
1 0.06179775280898877 0.7680399500624219 0.060674157303370786 0.02596754057428214
1 0.052808988764044947 0.7970037453183519 0.04494382022471909 0.019975031210986316
1 0.05786516853932584 0.8299625468164794 0.0550561797752809 0.029962546816479405
1 0.06741573033707865 0.8639200998751561 0.06516853932584271 0.029962546816479405
1 0.06179775280898876 0.8938826466916354 0.06292134831460673 0.025967540574282282
1 0.2348314606741573 0.10886392009987517 0.04044943820224717 0.021972534332084893
1 0.3106741573033708 0.13782771535580526 0.16292134831460678 0.023970037453183525
1 0.4455056179775281 0.23670411985018724 0.46179775280898866 0.14581772784019972
1 0.25674157303370787 0.33158551810237197 0.08202247191011239 0.027965043695380772
1 0.4589887640449438 0.44943820224719105 0.4528089887640449 0.18776529338327094
1 0.44943820224719105 0.6042446941323345 0.4651685393258427 0.10586766541822719
1 0.44887640449438204 0.7061173533083646 0.45730337078651684 0.08189762796504368
1 0.2617977528089888 0.7720349563046193 0.08539325842696631 0.02596754057428214
1 0.2910112359550562 0.8019975031210987 0.1168539325842697 0.021972534332085018
1 0.448314606741573 0.8629213483146069 0.4741573033707865 0.07990012484394513
1 0.45056179775280897 0.9238451935081148 0.46292134831460674 0.013982521847690492
0 0.7691011235955056 0.24169787765293385 0.15393258426966283 0.15580524344569288
0 0.7685393258426967 0.484394506866417 0.1505617977528091 0.1897627965043695
0 0.7696629213483146 0.82896379525593 0.15280898876404492 0.22771535580524357
