1 0.06685393258426967 0.12983770287141072 0.08876404494382023 0.02796504369538079
1 0.0646067415730337 0.1987515605493134 0.07752808988764044 0.0978776529338327
1 0.07359550561797752 0.315605493133583 0.0797752808988764 0.1278401997503121
1 0.08033707865168539 0.44943820224719105 0.1 0.1358302122347066
1 0.07808988764044944 0.6012484394506866 0.09101123595505617 0.15580524344569283
1 0.08988764044943821 0.8029962546816479 0.1258426966292135 0.2277153558052433
1 0.24157303370786518 0.1348314606741573 0.05393258426966291 0.03795255930087391
1 0.5134831460674156 0.20074906367041198 0.6112359550561797 0.08589263420724093
1 0.5174157303370787 0.3096129837702871 0.6078651685393259 0.1278401997503121
1 0.2539325842696629 0.4054931335830213 0.09213483146067414 0.027965043695380772
1 0.650561797752809 0.5143570536828964 0.6112359550561799 0.17777777777777778
0 0.895505617977528 0.2876404494382022 0.11910112359550568 0.2516853932584269
0 0.27584269662921346 0.5862671660424469 0.12696629213483143 0.3136079900124844
1 0.6471910112359549 0.6431960049937578 0.6089887640449437 0.04794007490636716
1 0.6494382022471911 0.7390761548064918 0.6112359550561798 0.12784019975031213
1 0.3898876404494382 0.8429463171036204 0.13258426966292133 0.0319600499375781
1 0.5808988764044943 0.8998751560549314 0.7415730337078651 0.05792759051186024
1 0.26910112359550564 0.7730337078651686 0.11573033707865171 0.05992509363295881
