1 0.0696629213483146 0.13283395755305868 0.08764044943820223 0.03395755305867667
1 0.1095505617977528 0.19975031210986266 0.15842696629213482 0.03995006242197253
1 0.1 0.2976279650436954 0.1393258426966292 0.027965043695380772
1 0.10674157303370788 0.3735330836454432 0.14382022471910114 0.05992509363295881
1 0.06404494382022471 0.4514357053682896 0.049438202247191004 0.03196004993757803
1 0.058426966292134834 0.516354556803995 0.04719101123595506 0.021972534332084875
1 0.05056179775280898 0.5812734082397003 0.033707865168539325 0.027965043695380772
1 0.06179775280898876 0.6821473158551811 0.06292134831460673 0.03395755305867667
1 0.3359550561797753 0.11085693444991512 0.24044943820224723 0.03395755305867665
1 0.44887640449438204 0.21572734456461254 0.4730337078651685 0.15580524344569288
1 0.45 0.34357053682896377 0.4730337078651685 0.07590511860174783
1 0.449438202247191 0.5103620474406991 0.4696629213483145 0.2377028714107365
1 0.5303370786516853 0.6951310861423221 0.6359550561797752 0.11985018726591762
1 0.25617977528089886 0.7860174781523096 0.08314606741573033 0.03395755305867667
1 0.5252808988764045 0.8429463171036204 0.6213483146067414 0.07590511860174785
1 0.5213483146067417 0.9188514357053683 0.6202247191011236 0.03995006242197263
0 0.7691011235955056 0.45243445692883894 0.1449438202247191 0.19775280898876402
