1 0.7257868397599881 0.1441351888667992 0.309444001448057 0.029821073558648107
1 0.3432015288787541 0.18687872763419486 0.26443396487379417 0.019880715705765405
1 0.5218351115328597 0.21669980119284296 0.5935698573230911 0.03180914512922467
1 0.5232416751758053 0.279324055666004 0.5963829846089825 0.08548707753479129
1 0.5232416751758053 0.35288270377733594 0.6076354937525481 0.05367793240556658
1 0.42618878381255115 0.40457256461232605 0.41352971102603975 0.029821073558648124
1 0.5148022933181311 0.4443339960238568 0.6020092391807653 0.049701789264413494
1 0.35304747437937406 0.5019880715705766 0.289752110446817 0.029821073558648124
1 0.5218351115328597 0.5447316103379722 0.6048223664666567 0.04771371769383705
1 0.5260548024616968 0.6093439363817097 0.6020092391807653 0.08946322067594444
1 0.5218351115328597 0.6918489065606362 0.5991961118948739 0.07952286282306162
1 0.5274613661046424 0.7673956262425448 0.5991961118948739 0.06759443339960228
