1 0.1920684292379471 0.17003628823224468 0.3654743390357698 0.01382408847416624
1 0.6150855365474339 0.27233454294107484 0.22550544323483662 0.1575946086054951
1 0.6003110419906688 0.3898392949714878 0.1990668740279937 0.08294453084499744
1 0.5699844479004665 0.4686365992742354 0.1415241057542768 0.03594263003283224
1 0.5435458786936238 0.5142501191945422 0.1041990668740281 0.04425380484176923
1 0.4813374805598756 0.6359080698116468 0.023328149300155587 0.04423708311733193
1 0.6244167962674961 0.5833765336098151 0.25972006220839816 0.06082598928633146
1 0.6220839813374806 0.6511145671332295 0.23639191290824257 0.04147226542249868
1 0.5497667185069985 0.7396173991812147 0.08864696734059095 0.035942630032832025
1 0.5552099533437014 0.8391221703818905 0.13374805598755826 0.1631242439951616
1 0.6951788491446345 0.8418869880767238 0.11197511664074647 0.17971315016416115
1 0.8709175738724727 0.24330395714532574 0.18351477449455686 0.07741489545533092
1 0.8631415241057543 0.3276093974777489 0.15863141524105742 0.07465007776049774
1 0.8763608087091758 0.4769310523587351 0.16951788491446337 0.190772420943494
1 0.874805598755832 0.7727665457058924 0.1695178849144635 0.3621911180231554
0 0.2667185069984448 0.6188871608778297 0.38102643856920687 0.7622256782443408
0 0.02410575427682737 0.2585104544669086 0.04821150855365474 0.08570934853983064
0 0.027993779160186624 0.3442198030067392 0.04354587869362364 0.058061171591498206
0 0.026438569206842923 0.4548125108000691 0.04665629860031104 0.14100570243649563
0 0.026438569206842923 0.5184033177812338 0.049766718506998445 0.0801797131501641
0 0.027216174183514776 0.6967340590979783 0.05132192846034215 0.23224468636599263
