1 0.34863945578231287 0.16439909297052155 0.12471655328798188 0.029478458049886632
1 0.481859410430839 0.23015873015873015 0.300453514739229 0.06122448979591837
1 0.455640589569161 0.29365079365079366 0.3330498866213152 0.05215419501133791
0 0.4740646258503402 0.6179138321995464 0.38407029478458055 0.5419501133786848
0 0.7532596371882085 0.2777777777777778 0.05527210884353735 0.09297052154195015
0 0.8163265306122449 0.282312925170068 0.05385487528344683 0.07482993197278916
1 0.784438775510204 0.35714285714285715 0.19982993197278914 0.052154195011337945
1 0.7879818594104309 0.2222222222222222 0.15873015873015872 0.027210884353741492
1 0.43650793650793646 0.12585034013605442 0.03684807256235821 0.020408163265306135
1 0.4953231292517007 0.12585034013605442 0.05810657596371883 0.02494331065759635
1 0.5520124716553287 0.13038548752834467 0.032596371882086216 0.011337868480725639
1 0.6044501133786848 0.1292517006802721 0.05243764172335595 0.03174603174603174
1 0.665391156462585 0.1292517006802721 0.05810657596371883 0.013605442176870763
1 0.7114512471655329 0.12811791383219956 0.019841269841269736 0.020408163265306117
1 0.1792800453514739 0.11678004535147393 0.05527210884353741 0.024943310657596383
