1 0.652645530326811 0.147117296222664 0.4501003657426284 0.02783300198807158
1 0.5373073116052625 0.19284294234592445 0.5626254571782854 0.03180914512922467
1 0.524648238818751 0.22166998011928427 0.4754185113156511 0.017892644135188894
1 0.5176154206040224 0.2415506958250497 0.461352874886194 0.017892644135188825
1 0.4838578931733254 0.26143141153081506 0.3882115654530169 0.013916500994035772
1 0.5584057662494482 0.2882703777335984 0.5373073116052625 0.03180914512922467
1 0.544340129819991 0.3320079522862823 0.5598123298923939 0.04771371769383695
1 0.544340129819991 0.3926441351888668 0.554186075320611 0.06163021868787275
1 0.5415270025340996 0.4502982107355865 0.5598123298923938 0.04174950298210739
1 0.544340129819991 0.5387673956262425 0.5598123298923939 0.1312127236580517
0 0.3769590563094512 0.6192842942345923 0.3206965105916227 0.025844930417495037
1 0.5190219842469682 0.6848906560636183 0.6048223664666568 0.0815109343936382
1 0.4529134930285197 0.7813121272365805 0.39383782002479983 0.1073558648111333
