1 0.28258426966292133 0.10986267166042447 0.1359550561797752 0.027965043695380772
1 0.23202247191011235 0.15081148564294633 0.030337078651685376 0.013982521847690386
1 0.2629213483146068 0.1478152309612984 0.024719101123595485 0.02796504369538079
1 0.6977528089887641 0.1488139825218477 0.04494382022471911 0.02596754057428214
1 0.7398876404494382 0.1478152309612984 0.01910112359550567 0.03196004993757803
1 0.7814606741573032 0.15181023720349562 0.052808988764044926 0.03995006242197253
1 0.8241573033707865 0.149812734082397 0.021348314606741498 0.0359550561797753
1 0.3044943820224719 0.22871410736579276 0.1617977528089888 0.03395755305867667
1 0.29943820224719103 0.19375780274656682 0.16966292134831457 0.027965043695380772
1 0.5550561797752809 0.3036204744069913 0.44719101123595517 0.08789013732833954
1 0.44606741573033704 0.4274656679151061 0.47640449438202237 0.1598002496878901
1 0.447752808988764 0.5642946317103621 0.4685393258426967 0.10986267166042438
1 0.43539325842696625 0.6691575605399618 0.43258426966292135 0.08389513108614238
1 0.401123595505618 0.7950062421972536 0.04719101123595507 0.031960049937577964
1 0.5202247191011236 0.8709113607990013 0.2853932584269663 0.10786516853932582
1 0.2410112359550562 0.7500624219725343 0.048314606741573056 0.029962546816479405
0 0.29269662921348316 0.8629213483146069 0.15393258426966294 0.16779026217228463
0 0.7696629213483146 0.45543071161048687 0.14831460674157312 0.19975031210986266
0 0.7533707865168539 0.759051186017478 0.15393258426966297 0.19975031210986274
1 0.696629213483146 0.879900124843945 0.05393258426966284 0.017977528089887614
1 0.755056179775281 0.6362047440699125 0.10561797752808985 0.045942571785268387
1 0.7314606741573034 0.5652933832709113 0.08089887640449434 0.01598002496878905
1 0.8275280898876405 0.8749063670411985 0.039325842696629254 0.007990012484394526
1 0.06573033707865168 0.149812734082397 0.07078651685393257 0.0359550561797753
1 0.04719101123595506 0.18476903870162295 0.03595505617977528 0.029962546816479405
1 0.052808988764044947 0.21872659176029963 0.04494382022471909 0.02596754057428214
1 0.05561797752808989 0.24769038701622972 0.032584269662921356 0.027965043695380772
1 0.08146067415730338 0.286641697877653 0.09101123595505617 0.02596754057428214
1 0.07640449438202246 0.32259675405742816 0.0741573033707865 0.03395755305867663
1 0.051123595505617986 0.34856429463171035 0.04157303370786518 0.017977528089887614
1 0.05056179775280898 0.3815230961298377 0.049438202247191004 0.023970037453183508
1 0.07921348314606741 0.41647940074906364 0.1 0.021972534332084875
1 0.07359550561797752 0.44744069912609236 0.09325842696629212 0.03196004993757803
1 0.057303370786516844 0.484394506866417 0.056179775280898875 0.021972534332084875
1 0.08988764044943819 0.5183520599250937 0.11460674157303369 0.02596754057428214
1 0.052247191011235955 0.5493133583021224 0.04606741573033707 0.019975031210986316
1 0.04775280898876404 0.583270911360799 0.03258426966292134 0.02397003745318344
1 0.05955056179775281 0.6162297128589264 0.058426966292134834 0.021972534332084948
1 0.06404494382022471 0.6481897627965043 0.06741573033707864 0.021972534332084733
1 0.06292134831460673 0.6861423220973782 0.060674157303370786 0.021972534332084875
