1 0.6314152410575428 0.2668049075514083 0.2612752721617417 0.21842059789182652
1 0.5964230171073095 0.4243995161569034 0.18506998444790043 0.07465007776049774
1 0.5956454121306376 0.5529635389666494 0.17729393468118196 0.08847416623466402
1 0.6236391912908243 0.6690858821496458 0.24572317262830473 0.09953343701399696
1 0.6283048211508554 0.8529462588560567 0.2488335925349922 0.20736132711249355
1 0.8646967340590982 0.20321410057024367 0.14618973561430793 0.06359080698116468
1 0.8701399688958008 0.25988569686099494 0.1695178849144635 0.06082598928633146
1 0.8592534992223949 0.32763089683773977 0.14774494556765164 0.06912044237083112
1 0.8724727838258164 0.4285467426991532 0.16485225505443238 0.08294453084499744
1 0.8475894245723171 0.5114996344063694 0.12130637636080875 0.03872416945210262
1 0.8864696734059098 0.5916709866943148 0.19595645412130636 0.09953343701399689
1 0.8631415241057543 0.6912044237083117 0.15863141524105742 0.06635562467599783
1 0.8755832037325039 0.8211508553654744 0.20839813374805602 0.17694833246932787
0 0.29237947122861585 0.5571107655088992 0.36080870917573876 0.5114912735441506
