1 0.06685393258426965 0.13183520599250936 0.08202247191011235 0.03196004993757802
1 0.04719101123595506 0.16479400749063672 0.03146067415730337 0.025967540574282157
1 0.07752808988764044 0.1987515605493134 0.09213483146067414 0.03395755305867663
1 0.05337078651685394 0.23270911360799001 0.04831460674157304 0.017977528089887614
1 0.06179775280898877 0.264669163545568 0.05393258426966293 0.021972534332084914
1 0.08314606741573033 0.2976279650436954 0.10112359550561799 0.027965043695380772
1 0.06460674157303371 0.3325842696629213 0.0550561797752809 0.017977528089887614
1 0.05955056179775281 0.3605493133583021 0.033707865168539325 0.021972534332084875
1 0.07808988764044944 0.40049937578027467 0.0842696629213483 0.021972534332084875
1 0.06853932584269662 0.43146067415730344 0.05393258426966291 0.023970037453183508
1 0.08202247191011235 0.46541822721598003 0.09213483146067414 0.02397003745318344
1 0.09719101123595505 0.4963795255930087 0.11797752808988765 0.02596754057428221
1 0.06123595505617978 0.5303370786516853 0.07078651685393259 0.021972534332084806
1 0.07359550561797752 0.5632958801498127 0.0842696629213483 0.027965043695380772
1 0.0550561797752809 0.5962546816479402 0.04719101123595506 0.01398252184769042
1 0.056741573033707866 0.6292134831460675 0.03707865168539325 0.027965043695380772
1 0.0702247191011236 0.6641697877652933 0.0707865168539326 0.017977528089887614
1 0.06404494382022471 0.6971285892634208 0.049438202247191004 0.019975031210986316
1 0.058988764044943826 0.7320848938826466 0.04382022471910112 0.029962546816479405
1 0.06404494382022471 0.7630461922596754 0.0696629213483146 0.0319600499375781
1 0.052247191011235955 0.7930087390761549 0.041573033707865165 0.02397003745318344
1 0.05786516853932584 0.8269662921348315 0.0550561797752809 0.01598002496878905
1 0.06292134831460673 0.8629213483146068 0.06966292134831459 0.03595505617977523
1 0.06179775280898877 0.8968789013732834 0.05393258426966293 0.01598002496878905
1 0.2910112359550562 0.14282147315855181 0.14382022471910116 0.03395755305867665
0 0.7842696629213484 0.3016229712858926 0.11685393258426956 0.27166042446941324
0 0.7837078651685394 0.6621722846441948 0.12022471910112373 0.149812734082397
0 0.7696629213483146 0.8669163545568039 0.1438202247191012 0.16379525593008737
1 0.4617977528089888 0.21872659176029963 0.49438202247191015 0.0978776529338327
1 0.46516853932584273 0.3066167290886392 0.50561797752809 0.0619225967540574
1 0.2516853932584269 0.3605493133583021 0.06966292134831459 0.03395755305867667
1 0.4617977528089888 0.42247191011235957 0.4966292134831461 0.08589263420724094
1 0.4623595505617978 0.5313358302122347 0.5067415730337078 0.13183520599250934
1 0.3202247191011236 0.6232209737827715 0.21123595505617979 0.023970037453183508
1 0.4589887640449437 0.7950062421972536 0.45505617977528084 0.2956304619225968
