1 0.7480533926585095 0.12161661104931404 0.3214682981090101 0.04548263502657271
1 0.6662958843159066 0.2877246601089226 0.5139043381535039 0.08898776418242495
1 0.5111234705228032 0.3559510567296996 0.22135706340378192 0.0435051291558522
1 0.46607341490545046 0.41527623285131626 0.12458286985539488 0.06723519960449885
1 0.4471635150166852 0.4686688913607712 0.08231368186874306 0.015820046965764403
1 0.6218020022246941 0.5794092201211223 0.4360400444938821 0.1740205166234086
1 0.4560622914349277 0.6990483252997157 0.10901001112347046 0.02570757631936715
1 0.5617352614015573 0.7603485632111351 0.30923248053392655 0.04548263502657278
1 0.5328142380422691 0.8018786305771846 0.12235817575083424 0.017797552836484983
1 0.43270300333704115 0.9007539241132122 0.05116796440489438 0.021752564577926136
1 0.5127919911012235 0.9136077122728957 0.07786429365962177 0.06328018786305777
1 0.6857619577308119 0.9076751946607342 0.04783092324805338 0.0237300704486465
1 0.8047830923248053 0.9185514769496973 0.1368186874304783 0.053392658509454946
1 0.2397107897664071 0.7791373130638982 0.31256952169076757 0.08305524657026339
0 0.24972191323692988 0.4706463972314917 0.28809788654060065 0.4943764676801383
