0 0.2516853932584269 0.5602996254681648 0.2876404494382022 0.6691635455680399
1 0.7410112359550561 0.1188514357053683 0.295505617977528 0.0459425717852684
1 0.48820224719101124 0.283645443196005 0.16292134831460672 0.059925093632958844
1 0.4842696629213484 0.35355805243445687 0.16179775280898873 0.063920099875156
1 0.5179775280898876 0.4094881398252185 0.22471910112359558 0.0319600499375781
1 0.6056179775280899 0.49538077403245945 0.39775280898876403 0.055930087390761545
1 0.5033707865168539 0.5423220973782772 0.19550561797752813 0.02996254681647933
1 0.4438202247191011 0.5892634207240949 0.07640449438202253 0.019975031210986316
1 0.6196629213483146 0.6921348314606742 0.43033707865168547 0.1697877652933834
1 0.4713483146067416 0.8589263420724095 0.14269662921348314 0.10786516853932597
1 0.7932584269662922 0.8209737827715355 0.2044943820224718 0.04394506866416975
