0 0.18731117824773413 0.170392749244713 0.048338368580060374 0.08459214501510573
0 0.2930513595166163 0.1691842900302115 0.04531722054380662 0.08700906344410875
0 0.39879154078549844 0.16676737160120847 0.042296072507552865 0.08217522658610271
0 0.5045317220543807 0.17280966767371603 0.03927492447129914 0.0797583081570997
0 0.6110271903323263 0.1716012084592145 0.040785498489425934 0.08700906344410875
0 0.7160120845921449 0.170392749244713 0.042296072507552795 0.08942598187311177
0 0.8240181268882177 0.1716012084592145 0.03776435045317235 0.0821752265861027
0 0.9297583081570997 0.170392749244713 0.03474320241691856 0.08459214501510573
1 0.1868555529255693 0.2248386577041191 0.07674116873842891 0.023192886552058523
1 0.29301416968039595 0.2241565139819997 0.060540255338093873 0.021828599107819747
1 0.4013044855668456 0.22552080142623848 0.05883489603279543 0.019100024219342232
1 0.5053314031900493 0.22347437025988037 0.043486662285109716 0.017735736775103598
1 0.6106373402922266 0.22347437025988037 0.04433934193775897 0.01773573677510356
1 0.7172222968733779 0.22552080142623848 0.040928623327162086 0.01637144933086482
1 0.823807253454529 0.2248386577041191 0.0630982942960415 0.023192886552058523
1 0.9295395303830309 0.2248386577041191 0.07333045012783188 0.017735736775103598
1 0.8510930023393039 0.32579592857778555 0.1006161990126067 0.04775006054835582
1 0.8472559439023822 0.393328157067603 0.09976351935995766 0.046385773104117047
1 0.8753943724398063 0.47723183488828524 0.15262965782420848 0.09140725876399529
1 0.8745416927871571 0.5549962192098932 0.14580822060301485 0.039564335882923414
1 0.6319543316084569 0.32579592857778555 0.24557173996297257 0.06957865965617555
1 0.5586238814806248 0.37286384540402195 0.10232155831790514 0.021828599107819785
1 0.5155635590218398 0.39401030078972243 0.023022350621528673 0.023192886552058523
1 0.6349387103927291 0.3967388756781999 0.05542417742219861 0.023192886552058596
1 0.5778091736652321 0.419249618508139 0.11511175310764343 0.021828599107819712
1 0.5488180654751589 0.4458532236707943 0.07588848908577972 0.028650036329013417
1 0.6336596909137553 0.44653536739291366 0.08526796526492092 0.021828599107819854
0 0.557344862001651 0.3953745882339611 0.05712953672749706 0.01773573677510356
1 0.5518024442594311 0.5079283023836568 0.08526796526492106 0.0382000484386846
1 0.5505234247804573 0.5427176322117445 0.08612064491757017 0.025921461440535934
1 0.5560658425226772 0.5672748062080418 0.10573227692850203 0.023192886552058523
0 0.47945817200436 0.3204367594445533 0.016278429732394174 0.029766271510663387
0 0.2771466380365034 0.6913934733215151 0.2721530049187285 0.5013607650245935
0 0.027483063184561313 0.35764259009579447 0.016912654267422347 0.040590370241813646
0 0.026073675328942784 0.42021941088525705 0.019731429978659405 0.030442777681360198
0 0.026073675328942784 0.5047826822223689 0.01409387855618529 0.03946285995731877
0 0.02677836925675205 0.5752520750032953 0.02255020568989646 0.04510041137979307
0 0.02607367532894278 0.6367013855082632 0.029597144967989104 0.043972901095298056
0 0.02677836925675205 0.7066070231469422 0.03241592067922617 0.05073796280226702
0 0.02889245104017984 0.7736938850743842 0.028187757112370572 0.040590370241813785
1 0.6345568491082961 0.5896141510483226 0.25422132235944617 0.018158665882817785
1 0.6356917657259723 0.632287015872944 0.23833248971198087 0.04176493153048042
1 0.6356917657259722 0.677683680579988 0.2337928232412763 0.04902839788360751
1 0.5545452275621311 0.7521342106995399 0.03745224838331119 0.023606265647662925
1 0.5426286030765322 0.7929912089358797 0.05674583088380494 0.029053865412508203
1 0.6634972228590367 0.7957150088183021 0.06469024720753765 0.01634279929453584
1 0.5647594771212161 0.8438354734077689 0.09646791250246842 0.05810773082501612
1 0.5426286030765322 0.8901400714089537 0.049936331177748414 0.023606265647662782
1 0.6771162222711499 0.8456513399960506 0.09646791250246835 0.05810773082501626
1 0.6498782234469235 0.8910480047030945 0.035182415147958966 0.02905386541250806
1 0.828627590730909 0.6023252171662951 0.05447599764845265 0.03994906494219883
1 0.8796988385263336 0.6459060152850572 0.15888832647465406 0.036317331765635286
1 0.8859408799235521 0.6876709468155378 0.05334108103077668 0.032685598589071815
1 0.8893456297765803 0.7348834781108633 0.04426174808936764 0.03268559858907168
1 0.8640483383685802 0.7758308157099698 0.09365558912386703 0.02416918429003033
1 0.8557401812688822 0.804833836858006 0.08308157099697866 0.02416918429003033
1 0.8353474320241692 0.8930513595166163 0.07552870090634428 0.02175226586102724
1 0.0513595166163142 0.18006042296072508 0.06948640483383685 0.031419939577039244
1 0.17693102792471108 0.1023215583179052 0.06054025533809391 0.021828599107819785
1 0.5086234128052537 0.1023215583179052 0.05030809950630342 0.021828599107819785
1 0.5073443933262799 0.056617928935907544 0.046044701243057345 0.012278586998148633
1 0.08739966439654402 0.014325018164506726 0.017906272705633414 0.017735736775103567
1 0.11553809293396795 0.01364287444238736 0.026433069232125506 0.016371449330864832
1 0.15007161886626094 0.013642874442387355 0.023875030274177894 0.02182859910781977
1 0.19057390236709842 0.01296073072026799 0.0332545064533192 0.012278586998148622
1 0.2387503027417788 0.012278586998148622 0.051160779158952646 0.01637144933086483
1 0.2975851987745743 0.01364287444238736 0.037517904716565235 0.019100024219342305
1 0.34490891949660535 0.012278586998148622 0.03495986575861771 0.01637144933086483
1 0.38583754282376753 0.01023215583179052 0.024727709926827116 0.012278586998148624
0 0.019185292184607225 0.013642874442387355 0.01961163201093183 0.02182859910781977
1 0.052439798637926416 0.015689305608745464 0.034959865758617606 0.017735736775103563
0 0.7033740658346559 0.014031696363995403 0.019603105214405333 0.028063392727990806
0 0.7301993677070001 0.014857090267759837 0.0134126509361721 0.02311102930540419
0 0.757540540769197 0.014031696363995401 0.016507878075288716 0.02146024149787532
0 0.7848817138313939 0.014031696363995401 0.01960310521440519 0.02146024149787532
0 0.8111911445138853 0.014857090267759837 0.02269833235352209 0.019809453690346448
0 0.8380164463862294 0.014031696363995401 0.01650787807528886 0.02476181711293306
0 0.8627782634991625 0.013206302460230966 0.014444393315877449 0.02311102930540419
0 0.8823813687135678 0.013206302460230968 0.014444393315877591 0.01980945369034645
1 0.9453176538756041 0.010730120748937628 0.09079332941408405 0.021460241497875256
0 0.9009527315482677 0.05612678545598161 0.01857136283469984 0.02311102930540419
0 0.9293256469901701 0.058602967167274915 0.01960310521440519 0.03136496834304854
0 0.9551192064828088 0.05695217935974604 0.013412650936172383 0.028063392727990796
0 0.9809127659754473 0.05612678545598161 0.019603105214405333 0.029714180535519674
1 0.8442069006644627 0.10317423797055443 0.23317377781345272 0.01485709026775984
0 0.040696074330985016 0.9646525525810873 0.028681042861837064 0.048370191204827793
0 0.07247777047518285 0.9640324219246152 0.028681042861837067 0.04712992989188365
0 0.10464704827967576 0.9646525525810873 0.02790587954124687 0.040928623327162086
0 0.13487841778269322 0.9627921606116709 0.027905879541246854 0.0396883620142178
0 0.16549736894600575 0.9658928138940316 0.028681042861837085 0.03844810070127352
0 0.1961163201093183 0.9615518992987265 0.029456206182427246 0.04216888464010637
0 0.22557252629174557 0.9596915073293101 0.027905879541246924 0.04588966857893936
0 0.25619147745505805 0.964032421924615 0.027130716220656624 0.044649407265994936
0 0.2844849386566 0.9609317686422543 0.02790587954124689 0.04837019120482793
0 0.31704179812138805 0.964032421924615 0.02790587954124689 0.03968836201421766
0 0.3480483309449957 0.9621720299551987 0.02790587954124682 0.048370191204827793
0 0.3798300270891935 0.9603116379857823 0.02945620618242728 0.0545714977695495
0 0.4092862332716207 0.9640324219246152 0.02790587954124682 0.05209097514366078
0 0.4383548577937529 0.9646525525810873 0.030231369503017545 0.04588966857893936
0 0.4701365539379508 0.9634122912681429 0.022479736297115523 0.04092862332716194
0 0.5007555051012633 0.9609317686422544 0.027905879541246962 0.03844810070127352
0 0.531762037924871 0.9615518992987265 0.02790587954124682 0.04216888464010637
0 0.5631561524087737 0.9621720299551987 0.028681042861837085 0.04588966857893936
0 0.5953254302132666 0.964032421924615 0.03100653282360767 0.044649407265994936
0 0.6228437280942184 0.9634122912681429 0.027130716220656693 0.04092862332716194
0 0.653462679257531 0.9646525525810873 0.02945620618242735 0.04588966857893936
0 0.6852443754017287 0.9665129445505037 0.02790587954124689 0.04712992989188365
0 0.718963979847402 0.9658928138940317 0.028681042861836942 0.04837019120482793
0 0.7464822777283538 0.9627921606116707 0.0356575127471487 0.04712992989188365
0 0.7778763922122565 0.963412291268143 0.027130716220656693 0.05333123645660521
0 0.8225075528700907 0.9631419939577041 0.02567975830815712 0.041087613293051245
0 0.8534743202416919 0.9691842900302114 0.02719033232628405 0.04350453172205448
0 0.8836858006042297 0.9631419939577041 0.024169184290030187 0.045921450151057426
0 0.9274924471299093 0.965558912386707 0.024169184290030187 0.05075528700906347
0 0.9599697885196374 0.9643504531722056 0.025679758308156976 0.04350453172205434
