1 0.30974757515512985 0.11729622266401592 0.2114150116138188 0.02783300198807156
1 0.5236209008574815 0.20477137176938373 0.639161663018522 0.12723658051689862
1 0.5211625867689486 0.3071570576540756 0.6342450348414563 0.06958250497017893
1 0.7055361434089069 0.07554671968190856 0.3834969978111132 0.02783300198807156
1 0.2790186490484702 0.3757455268389663 0.14012390304636824 0.023856858846918527
1 0.5273083719902806 0.44234592445328036 0.6416199771070547 0.09741550695825048
1 0.3097475751551299 0.5228628230616303 0.2163316397908844 0.027833001988071614
1 0.5260792149460142 0.6033797216699802 0.6440782911955875 0.11332007952286276
1 0.275331177915671 0.6968190854870775 0.15241547348903214 0.029821073558648124
1 0.5248500579017478 0.7664015904572565 0.6367033489299893 0.06958250497017886
1 0.5211625867689486 0.831013916500994 0.6342450348414563 0.051689860834990074
1 0.5432874135657437 0.8846918489065607 0.5998286376019977 0.03976143141153088
