0 0.24805339265850945 0.4815226795204548 0.27586206896551724 0.4844889383265356
0 0.5650723025583982 0.8443950067976763 0.19354838709677424 0.1977505870720553
1 0.24360400444938818 0.789024842417501 0.3114571746384872 0.09492028179458671
1 0.42046718576195774 0.7613397602274132 0.024471635150166832 0.027685082190087654
1 0.42658509454949944 0.6328018786305772 0.04115684093437153 0.03164009393152874
1 0.5873192436040044 0.6239031022123347 0.2513904338153503 0.041527623285131626
1 0.5361512791991102 0.6683969843035471 0.12235817575083424 0.027685082190087654
1 0.650166852057842 0.2649857866765542 0.4927697441601781 0.03164009393152888
1 0.5044493882091213 0.3025583982202447 0.20133481646273643 0.03164009393152892
1 0.47330367074527246 0.3510072920528983 0.15016685205784205 0.04548263502657278
1 0.44605116796440486 0.399454963845093 0.08231368186874306 0.023730070448646712
1 0.6323692992213571 0.5032752440983809 0.45717463848720813 0.15622296378692382
1 0.7408231368186874 0.11172908169571129 0.3159065628476085 0.057347670250896064
