1 0.2775280898876405 0.22272159800249688 0.12584269662921352 0.05393258426966291
1 0.2303370786516854 0.2706616729088639 0.03146067415730336 0.013982521847690386
1 0.2617977528089888 0.26866416978776525 0.022471910112359553 0.02596754057428214
1 0.07247191011235954 0.26666666666666666 0.0842696629213483 0.025967540574282175
1 0.04775280898876404 0.3046192259675406 0.03258426966292134 0.02596754057428214
1 0.05112359550561798 0.33458177278401996 0.03258426966292135 0.021972534332084875
1 0.08932584269662922 0.37053682896379525 0.10674157303370785 0.02596754057428221
1 0.09943820224719101 0.401498127340824 0.12247191011235956 0.019975031210986247
1 0.09887640449438204 0.43545568039950067 0.12134831460674159 0.03196004993757803
1 0.11460674157303369 0.4714107365792759 0.15505617977528088 0.023970037453183508
1 0.09775280898876403 0.5053682896379526 0.12134831460674154 0.02796504369538084
1 0.10898876404494383 0.5393258426966292 0.14831460674157304 0.03196004993757803
1 0.08146067415730338 0.5732833957553058 0.08651685393258428 0.0319600499375781
1 0.07022471910112359 0.6042446941323346 0.08202247191011235 0.03395755305867667
1 0.052808988764044947 0.6392009987515606 0.05393258426966293 0.023970037453183508
1 0.08258426966292136 0.6691635455680399 0.10000000000000002 0.0319600499375781
1 0.05168539325842696 0.7021223470661673 0.04269662921348314 0.025967540574281998
1 0.07078651685393259 0.733083645443196 0.0696629213483146 0.03595505617977537
1 0.052247191011235955 0.768039950062422 0.03707865168539326 0.021972534332084875
1 0.05561797752808989 0.7990012484394506 0.041573033707865165 0.02796504369538084
1 0.057303370786516844 0.8369538077403246 0.04494382022471911 0.0319600499375781
1 0.06741573033707865 0.8729088639200998 0.06516853932584271 0.019975031210986316
1 0.052808988764044947 0.9028714107365792 0.05393258426966293 0.02397003745318344
1 0.06179775280898876 0.9318352059925094 0.06292134831460673 0.017977528089887757
1 0.2882022471910113 0.3096129837702871 0.14269662921348317 0.027965043695380807
1 0.7567415730337079 0.3615480649188514 0.05955056179775284 0.04394506866416983
1 0.4382022471910112 0.3895131086142322 0.4449438202247191 0.09987515605493137
1 0.24044943820224723 0.4853932584269663 0.05168539325842698 0.0359550561797753
1 0.28089887640449435 0.535330836454432 0.12584269662921352 0.03995006242197256
1 0.4393258426966293 0.6461922596754057 0.4449438202247191 0.16978776529338319
1 0.43764044943820224 0.8119850187265917 0.4438202247191012 0.1298377028714107
1 0.4308988764044944 0.911860174781523 0.43258426966292135 0.05393258426966284
1 0.69438202247191 0.6272144837679492 0.04494382022471911 0.027965043695380765
1 0.6949438202247191 0.6591760299625469 0.04831460674157313 0.031960049937577964
1 0.6893258426966292 0.7071161048689139 0.03707865168539328 0.0279650436953807
1 0.6865168539325842 0.8159800249687891 0.03146067415730343 0.02596754057428214
1 0.6887640449438203 0.8419475655430712 0.040449438202247306 0.021972534332084875
1 0.6893258426966292 0.8689138576779026 0.04157303370786522 0.02397003745318344
1 0.6938202247191012 0.8978776529338327 0.04606741573033716 0.029962546816479405
1 0.6882022471910113 0.9238451935081148 0.03707865168539328 0.013982521847690492
1 0.7797752808988764 0.6322097378277153 0.11460674157303373 0.02596754057428214
1 0.7735955056179775 0.6701622971285893 0.10674157303370777 0.03795255930087393
1 0.7820224719101122 0.7480649188514357 0.12134831460674164 0.10986267166042438
1 0.7533707865168541 0.8189762796504368 0.07303370786516851 0.019975031210986316
1 0.7325842696629215 0.8419475655430712 0.02921348314606732 0.017977528089887757
1 0.7432584269662922 0.8659176029962546 0.04831460674157299 0.013982521847690492
1 0.7443820224719101 0.8938826466916356 0.04382022471910105 0.017977528089887614
1 0.7589887640449439 0.9198501872659176 0.07977528089887642 0.009987515605493229
0 0.7567415730337079 0.4963795255930087 0.11797752808988776 0.22172284644194762
