1 0.5032083433854093 0.13664596273291926 0.5289322147211287 0.11180124223602485
1 0.28304357966150284 0.22463768115942012 0.25863374317393734 0.03519668737060072
1 0.1979845703494406 0.29296066252587993 0.06288819875776397 0.018633540372670863
1 0.3662655279503105 0.3633540372670807 0.3994565217391303 0.10973084886128362
1 0.4821428571428571 0.5196687370600414 0.23059006211180125 0.11594202898550726
1 0.47690217391304346 0.684265010351967 0.22942546583850934 0.18426501035196685
1 0.36218944099378875 0.8540372670807453 0.4192546583850931 0.10973084886128362
0 0.24980590062111793 0.5900621118012422 0.1944875776397515 0.26086956521739135
0 0.6981754658385093 0.6118012422360248 0.20846273291925463 0.6521739130434783
1 0.670225155279503 0.21842650103519667 0.026785714285714305 0.031055900621117977
1 0.7069099378881987 0.22567287784679088 0.030279503105589925 0.03312629399585923
1 0.7371894409937887 0.22463768115942032 0.020962732919254563 0.03519668737060041
1 0.7569875776397516 0.22567287784679088 0.011645962732919202 0.03312629399585923
1 0.7895962732919253 0.22463768115942032 0.04192546583850927 0.04347826086956523
