1 0.06516853932584268 0.12684144818976278 0.0741573033707865 0.025967540574282157
1 0.06179775280898877 0.46741573033707867 0.05393258426966293 0.031960049937577964
1 0.07752808988764044 0.2976279650436954 0.09213483146067414 0.03196004993757807
1 0.05730337078651686 0.19675405742821475 0.05393258426966293 0.03395755305867663
1 0.05337078651685394 0.39650436953807744 0.04606741573033708 0.02596754057428214
1 0.46573033707865163 0.20674157303370783 0.5134831460674157 0.2097378277153558
1 0.5870786516853932 0.42946317103620474 0.7516853932584269 0.21972534332084892
0 0.8421348314606741 0.27565543071161047 0.22808988764044955 0.30362047440699125
1 0.23539325842696632 0.5662921348314607 0.048314606741573056 0.021972534332084875
1 0.5056179775280899 0.720099875156055 0.5865168539325843 0.22172284644194754
1 0.451685393258427 0.8928838951310861 0.48764044943820223 0.09987515605493144
0 0.8837078651685394 0.7191011235955057 0.151685393258427 0.1837702871410736
1 0.8803370786516854 0.8529338327091136 0.15393258426966297 0.07590511860174785
