1 0.2449438202247191 0.11086142322097378 0.06741573033707862 0.03795255930087393
1 0.22865168539325842 0.15580524344569288 0.03258426966292134 0.019975031210986247
1 0.2629213483146068 0.15580524344569288 0.024719101123595485 0.027965043695380772
1 0.6764044943820224 0.15380774032459427 0.038202247191011195 0.019975031210986264
1 0.7252808988764045 0.1578027465667915 0.05056179775280896 0.03196004993757803
1 0.7786516853932585 0.16179775280898878 0.04719101123595507 0.02796504369538079
1 0.8230337078651686 0.15580524344569288 0.02134831460674164 0.019975031210986247
1 0.07247191011235954 0.15380774032459427 0.08651685393258425 0.019975031210986264
1 0.04831460674157304 0.18976279650436953 0.03595505617977529 0.019975031210986247
1 0.07696629213483146 0.22272159800249688 0.08651685393258425 0.021972534332084914
1 0.0696629213483146 0.25368289637952557 0.06741573033707864 0.01997503121098628
1 0.07134831460674157 0.2866416978776529 0.07528089887640448 0.021972534332084875
1 0.05786516853932584 0.3215980024968789 0.05730337078651686 0.02397003745318358
1 0.1050561797752809 0.3645443196004994 0.1449438202247191 0.03795255930087393
1 0.06853932584269662 0.4064918851435705 0.07191011235955055 0.021972534332084948
1 0.07808988764044944 0.44344569288389507 0.0797752808988764 0.027965043695380772
1 0.09719101123595505 0.47440699126092384 0.12696629213483146 0.029962546816479405
1 0.09157303370786515 0.5093632958801498 0.10224719101123593 0.023970037453183508
1 0.07640449438202246 0.5423220973782772 0.0741573033707865 0.021972534332084948
1 0.07247191011235955 0.5752808988764044 0.06404494382022471 0.02397003745318358
1 0.06292134831460673 0.6072409488139825 0.06741573033707865 0.03196004993757803
1 0.07584269662921349 0.6411985018726593 0.0797752808988764 0.019975031210986247
1 0.06348314606741573 0.6751560549313359 0.059550561797752796 0.019975031210986316
1 0.07303370786516852 0.7091136079900124 0.06741573033707864 0.02796504369538084
1 0.07640449438202247 0.7410736579275905 0.09213483146067417 0.02397003745318344
1 0.0702247191011236 0.775031210986267 0.06404494382022471 0.02397003745318344
1 0.07865168539325844 0.8029962546816479 0.09213483146067417 0.0319600499375781
1 0.06629213483146067 0.8389513108614233 0.06292134831460673 0.023970037453183723
1 0.06685393258426967 0.8719101123595506 0.06629213483146067 0.025967540574282282
1 0.051123595505617986 0.9028714107365792 0.04157303370786518 0.031960049937577964
1 0.2949438202247191 0.1947565543071161 0.16067415730337076 0.021972534332084914
1 0.47022471910112357 0.23970037453183524 0.4775280898876405 0.031960049937578
1 0.551685393258427 0.31660424469413234 0.46741573033707867 0.10986267166042446
1 0.42078651685393254 0.48239700374531835 0.4258426966292134 0.20574282147315848
1 0.5230337078651686 0.6761548064918851 0.6235955056179775 0.16179775280898887
1 0.5331460674157303 0.8309612983770287 0.6483146067415732 0.12784019975031213
0 0.7432584269662921 0.5043695380774033 0.20337078651685403 0.2496878901373283
