1 0.09550561797752807 0.2976279650436954 0.12584269662921346 0.315605493133583
1 0.10730337078651685 0.5473158551810237 0.149438202247191 0.16379525593008737
1 0.06629213483146067 0.7181023720349563 0.0741573033707865 0.16179775280898867
1 0.060112359550561795 0.8469413233458178 0.09101123595505617 0.09588014981273417
0 0.31348314606741573 0.2916354556803995 0.1955056179775281 0.283645443196005
1 0.3432584269662921 0.11385767790262172 0.2640449438202247 0.027965043695380772
1 0.6915730337078653 0.22471910112359553 0.5292134831460675 0.13383270911360798
1 0.698876404494382 0.3765293383270911 0.555056179775281 0.1578027465667915
1 0.5769662921348314 0.5013732833957554 0.7516853932584269 0.07590511860174778
1 0.31741573033707865 0.5752808988764044 0.2168539325842697 0.03995006242197249
1 0.5820224719101124 0.6631710362047442 0.7348314606741573 0.11985018726591762
1 0.24831460674157305 0.7480649188514357 0.06741573033707865 0.03395755305867667
1 0.5848314606741574 0.8209737827715355 0.7404494382022472 0.09987515605493144
1 0.5887640449438202 0.9158551810237202 0.748314606741573 0.0699126092384519
