1 0.7447163515016685 0.1295266345321963 0.31701890989988873 0.04943764676801385
1 0.46774193548387105 0.2798170807069583 0.1301446051167965 0.06130268199233718
1 0.4699666295884316 0.3510072920528983 0.13459399332591773 0.06525769373377827
1 0.5244716351501668 0.41527623285131626 0.2369299221357064 0.035595105672969966
1 0.4221357063403782 0.4894327030033371 0.025583982202447116 0.03361759980224946
1 0.49944382647385976 0.578420467185762 0.20022246941045602 0.02570757631936722
1 0.4443826473859845 0.6278581139537758 0.07897664071190214 0.03361759980224946
1 0.6240266963292548 0.7306884192312445 0.4404894327030034 0.164132987269806
1 0.4716351501668521 0.8661475713756025 0.14015572858731923 0.03955011741441112
1 0.7730812013348165 0.9195402298850576 0.146829810901001 0.027685082190087796
1 0.2252502780867631 0.864170065504882 0.35038932146829815 0.09492028179458657
1 0.9098998887652948 0.22840192806822393 0.05116796440489423 0.017797552836485018
0 0.6040044493882091 0.5210727969348659 0.25806451612903225 0.0889877641824249
0 0.25139043381535037 0.46965764429613144 0.28698553948832034 0.5082190087751822
