1 0.3592687074829932 0.30498866213151926 0.14880952380952384 0.029478458049886632
1 0.35005668934240364 0.2448979591836735 0.11621315192743761 0.03174603174603174
1 0.3543083900226758 0.481859410430839 0.10770975056689344 0.0385487528344671
1 0.31604308390022673 0.5204081632653061 0.03117913832199548 0.024943310657596383
1 0.3578514739229025 0.6133786848072562 0.12046485260770975 0.0204081632653061
1 0.49178004535147396 0.6099773242630385 0.06519274376417229 0.0317460317460317
1 0.48115079365079366 0.4841269841269842 0.043934240362811676 0.04308390022675745
1 0.5158730158730159 0.5170068027210885 0.10487528344671204 0.018140589569160995
1 0.7879818594104308 0.35714285714285715 0.19557823129251703 0.03401360544217695
1 0.7886904761904762 0.22108843537414966 0.14880952380952364 0.024943310657596383
0 0.7568027210884354 0.2789115646258503 0.053854875283446686 0.07709750566893422
0 0.818452380952381 0.2857142857142857 0.05243764172335617 0.08616780045351473
0 0.4896541950113378 0.4115646258503402 0.04960317460317448 0.08390022675736965
0 0.32596371882086167 0.417233560090703 0.04251700680272109 0.06802721088435369
0 0.6490929705215419 0.41383219954648526 0.03684807256235836 0.07029478458049887
1 0.6441326530612246 0.6133786848072562 0.04393424036281182 0.029478458049886528
1 0.4669784580498867 0.7392290249433107 0.29620181405895696 0.02267573696145121
1 0.34084467120181405 0.7585034013605443 0.046768707482993256 0.01587301587301596
1 0.4669784580498866 0.7993197278911565 0.35856009070294786 0.05668934240362802
0 0.30257936507936506 0.7392290249433107 0.032596371882086216 0.05442176870748312
0 0.4740646258503402 0.8843537414965986 0.38407029478458055 0.09977324263038553
1 0.33659297052154197 0.19614512471655332 0.026927437641723343 0.02494331065759635
1 0.41028911564625853 0.20181405895691612 0.038265306122448946 0.018140589569160995
1 0.18353174603174602 0.1145124716553288 0.04393424036281179 0.024943310657596366
1 0.43650793650793646 0.1292517006802721 0.03684807256235821 0.02267573696145126
1 0.4931972789115646 0.12698412698412698 0.06235827664399096 0.022675736961451243
1 0.5505952380952381 0.12811791383219956 0.024092970521541943 0.024943310657596383
1 0.6037414965986394 0.13151927437641725 0.051020408163265356 0.018140589569161012
1 0.6583049886621315 0.12698412698412698 0.05527210884353757 0.022675736961451243
1 0.7093253968253967 0.12811791383219956 0.01842403628117907 0.024943310657596383
1 0.77593537414966 0.1292517006802721 0.05243764172335617 0.027210884353741492
