1 0.3255046583850931 0.15734989648033126 0.36451863354037267 0.04554865424430641
1 0.358695652173913 0.21532091097308487 0.43555900621118016 0.06211180124223606
1 0.3761645962732919 0.3157349896480331 0.4658385093167701 0.10559006211180126
1 0.3540372670807453 0.42132505175983437 0.4309006211180125 0.10144927536231883
1 0.3872282608695652 0.5455486542443064 0.4856366459627328 0.13457556935817805
0 0.3662655279503106 0.7960662525879917 0.43672360248447206 0.3002070393374741
0 0.04192546583850931 0.10248447204968944 0.030279503105590064 0.047619047619047616
0 0.07919254658385093 0.10041407867494824 0.02562111801242236 0.0393374741200828
0 0.872864906832298 0.09937888198757765 0.015139751552795105 0.028985507246376815
1 0.1199534161490683 0.10351966873706005 0.0372670807453416 0.03726708074534162
1 0.16770186335403725 0.09937888198757765 0.032608695652173905 0.028985507246376815
1 0.21661490683229812 0.10766045548654243 0.04891304347826086 0.04140786749482404
1 0.2579580745341615 0.10248447204968944 0.02212732919254659 0.03519668737060041
1 0.30511850237067506 0.10559006211180126 0.0465724084680578 0.04140786749482397
1 0.3592779503105589 0.10144927536231885 0.04309006211180126 0.04554865424430642
1 0.4070263975155279 0.10248447204968944 0.04076086956521735 0.03519668737060041
1 0.44720496894409933 0.10455486542443065 0.030279503105590067 0.03933747412008282
1 0.5036878881987578 0.10662525879917185 0.07104037267080748 0.06004140786749482
1 0.5881211180124223 0.10351966873706005 0.08850931677018636 0.04554865424430641
1 0.7866847826086957 0.11490683229813664 0.04076086956521749 0.04761904761904763
1 0.8332686335403724 0.10973084886128363 0.04309006211180119 0.041407867494824016
1 0.9107142857142856 0.10351966873706005 0.03493788819875775 0.04554865424430641
