1 0.2507480370303432 0.06759443339960239 0.30974757515512985 0.03976143141153081
1 0.48920450361802253 0.13717693836978131 0.6047452657790631 0.06361829025844931
1 0.49535028883935456 0.194831013916501 0.5826204389822681 0.05168986083499003
1 0.4990377599721536 0.2485089463220676 0.5949120094249319 0.051689860834990074
1 0.5002669170164201 0.2932405566600398 0.5973703235134648 0.03379721669980121
1 0.47691293317535866 0.4562624254473161 0.6342450348414563 0.2763419483101392
1 0.47691293317535866 0.6560636182902586 0.6293284066643908 0.1153081510934394
0 0.24214393772047849 0.7833001988071571 0.11554076216104053 0.0755467196819086
1 0.5395999424329445 0.7823061630218688 0.4547881063785637 0.09343936381709739
1 0.47568377613109236 0.8667992047713718 0.6072035798675959 0.07952286282306162
