1 0.5793157076205288 0.2184205978918265 0.2721617418351478 0.11612234318299638
1 0.5264385692068428 0.3815448418869881 0.1570762052877138 0.033177812337998915
1 0.5513219284603423 0.4769561349453912 0.20062208398133752 0.11339335775481456
1 0.5878693623639191 0.7229998271988941 0.26438569206842916 0.24606877484015896
1 0.8615863141524105 0.20874373595991016 0.14930015552099532 0.0746500777604977
1 0.8709175738724727 0.27786417833074134 0.15552099533437017 0.052531536201831666
1 0.859253499222395 0.3373077587696561 0.13841368584758953 0.04423708311733201
1 0.8740279937791601 0.4423708311733195 0.1679626749611198 0.13824088474166238
1 0.8771384136858476 0.5958182132365648 0.17418351477449448 0.1631242439951616
0 0.2527216174183515 0.5889061689994817 0.34370139968895796 0.7686193191636427
