0 0.5289210233592881 0.5200840439995056 0.11679644048943266 0.10283030527746881
0 0.24916573971078976 0.5270053145470276 0.2825361512791991 0.5952292670868866
1 0.2252502780867631 0.8710913360524039 0.3481646273637375 0.09294277592386607
1 0.7385984427141268 0.12161661104931404 0.3114571746384872 0.033617599802249404
1 0.4972191323692992 0.28080583364231865 0.18020022246941048 0.06328018786305772
1 0.4710789766407119 0.35199604498825854 0.13459399332591765 0.06723519960449878
1 0.9110122358175751 0.22840192806822393 0.05561735261401566 0.041527623285131626
1 0.5200222469410456 0.4113212211098751 0.23470522803114569 0.0435051291558522
1 0.15183537263626254 0.12359411692003461 0.05672969966629589 0.057347670250896064
1 0.421579532814238 0.48844395006797675 0.028921023359288187 0.03955011741441112
1 0.4944382647385984 0.5823754789272031 0.1813125695216908 0.03757261154369054
1 0.44771968854282534 0.6367568903720183 0.08120133481646277 0.035595105672969966
1 0.6295884315906563 0.7366209368434062 0.4516129032258064 0.16017797552836485
1 0.4538375973303671 0.860215053763441 0.09566184649610683 0.023730070448646785
