1 0.4520975056689342 0.2471655328798186 0.4535147392290249 0.145124716553288
1 0.453514739229025 0.6224489795918368 0.4591836734693878 0.5963718820861678
0 0.7993197278911565 0.38321995464852604 0.15022675736961447 0.20408163265306123
1 0.7468820861678005 0.2369614512471655 0.08219954648526084 0.034013605442176846
1 0.8581349206349206 0.23469387755102042 0.09778911564625843 0.04308390022675741
0 0.1488095238095238 0.29024943310657597 0.11904761904761903 0.090702947845805
0 0.15093537414965985 0.481859410430839 0.12046485260770977 0.09750566893424036
0 0.1502267573696145 0.6757369614512472 0.11904761904761903 0.10430839002267582
0 0.14951814058956914 0.8764172335600907 0.12613378684807255 0.08843537414965993
1 0.14526643990929705 0.7675736961451247 0.11479591836734696 0.06575963718820844
1 0.14243197278911565 0.5657596371882085 0.11196145124716556 0.04761904761904759
1 0.14243197278911562 0.38095238095238093 0.10345804988662129 0.06802721088435376
1 0.1516439909297052 0.2086167800453515 0.09637188208616781 0.036281179138322024
1 0.37202380952380953 0.1564625850340136 0.5569727891156463 0.03174603174603174
1 0.352891156462585 0.10770975056689341 0.07653061224489796 0.029478458049886615
1 0.4386337868480726 0.10204081632653061 0.0836167800453515 0.03628117913832199
1 0.4960317460317461 0.09977324263038549 0.03117913832199548 0.03174603174603174
