1 0.610419906687403 0.24606160838682867 0.3063763608087093 0.09953343701399685
1 0.5660964230171074 0.3248660791429065 0.1866251944012442 0.04147226542249872
1 0.5334370139968896 0.42300755203837975 0.1430793157076205 0.09400380162433047
1 0.5839813374805599 0.5529635389666494 0.24727838258164853 0.1050630724036634
1 0.6003110419906688 0.7188526006566442 0.26749611197511675 0.22118541558665988
1 0.8514774494556765 0.22533264212890963 0.10730948678071542 0.05806117159149818
1 0.8771384136858476 0.2847666672967174 0.15863141524105756 0.060825989286331435
1 0.8825816485225505 0.3704855711076551 0.1695178849144635 0.07741489545533092
1 0.7433903576982892 0.44513564886815277 0.006220839813374823 0.01658890616899953
1 0.8631415241057542 0.447900466562986 0.13685847589424568 0.05529635389666496
1 0.8351477449455676 0.49766001861665415 0.07776049766718501 0.033177812337998984
1 0.8856920684292376 0.6207051557167292 0.18195956454121312 0.21291723949770444
1 0.8475894245723172 0.7589329019606191 0.11819595645412136 0.04700190081216519
1 0.8872472783825817 0.8349749438396407 0.1757387247278382 0.08847416623466373
0 0.2558320373250389 0.6220839813374806 0.28771384136858474 0.7465007776049767
