1 0.4166222145483091 0.39061935801885156 0.2574517770035005 0.12683499974409757
1 0.4355311021248374 0.6157805731608963 0.2792697242071871 0.09308990806906252
1 0.394440634891228 0.5162907339120857 0.12145323943385485 0.0802900457095663
0 0.47406462585034004 0.7834467120181406 0.381235827664399 0.23356009070294803
1 0.7851473922902494 0.35374149659863946 0.20408163265306128 0.054421768707482984
1 0.7830215419501134 0.217687074829932 0.16865079365079366 0.04988662131519273
0 0.7532596371882088 0.2834467120181406 0.05810657596371883 0.07709750566893422
1 0.8191609977324253 0.2879818594104308 0.048185941043083845 0.0770975056689342
1 0.46981292517006806 0.24829931972789115 0.36422902494331066 0.052154195011337875
1 0.40887188208616776 0.1893424036281179 0.1658163265306122 0.05668934240362813
1 0.16298185941043083 0.22108843537414963 0.07369614512471656 0.034013605442176846
1 0.14810090702947845 0.25056689342403626 0.04676870748299322 0.024943310657596383
