1 0.43439440993788814 0.2204968944099379 0.2748447204968944 0.07660455486542446
1 0.4303183229813664 0.32919254658385094 0.26669254658385094 0.13664596273291924
1 0.20322204968944096 0.16252587991718426 0.0920031055900621 0.0393374741200828
1 0.4303183229813664 0.4409937888198758 0.28066770186335405 0.06625258799171839
1 0.43555900621118004 0.55175983436853 0.27717391304347827 0.13871635610766042
1 0.4303183229813664 0.6759834368530021 0.26203416149068315 0.07246376811594196
1 0.43264751552795033 0.7784679089026915 0.2597049689440994 0.12422360248447205
1 0.35229037267080743 0.8944099378881987 0.3924689440993789 0.03726708074534159
0 0.22651397515527946 0.2857142857142857 0.13159937888198758 0.16977225672877846
0 0.22360248447204967 0.5082815734989647 0.1327639751552795 0.17598343685300208
0 0.22709627329192542 0.7349896480331263 0.1327639751552795 0.1573498964803312
0 0.7045807453416149 0.24016563146997932 0.20031055900621106 0.13664596273291924
0 0.6102484472049688 0.34886128364389235 0.004658385093167751 0.0393374741200828
0 0.7057453416149068 0.634575569358178 0.19798136645962727 0.6066252587991718
