1 0.524105754276827 0.29583788216493384 0.3265940902021768 0.21565578019699305
1 0.5015552099533437 0.4534301019526525 0.29393468118195953 0.09953343701399689
1 0.4136858475894246 0.5197857266286504 0.11819595645412129 0.02211854155866604
1 0.4393468118195956 0.6455849317435631 0.17262830482115085 0.09676861931916356
1 0.49766718506998436 0.7216078630803705 0.2830482115085536 0.049766718506998445
1 0.5474339035769828 0.8870744772766546 0.38880248833592534 0.22585104544669093
1 0.8786936236391912 0.3193507766599007 0.17107309486780722 0.17971315016416106
1 0.8849144634525652 0.46724821838237623 0.20217729393468148 0.12166392266154649
1 0.7698289269051322 0.45066528425781927 0.046656298600311036 0.00552963538966651
1 0.8841368584758942 0.41195783653015383 0.007776049766718387 0.06082598928633139
1 0.8856920684292379 0.4174659725598293 0.004665629860031118 0.01105927077933302
1 0.8576982892690513 0.554345947814066 0.13219284603421444 0.024883359253499222
1 0.8335925349922239 0.6124071194055642 0.08709175738724724 0.04700190081216526
1 0.8841368584758943 0.7769137722481425 0.20373250388802489 0.2820114048729912
1 0.8382581648522551 0.9206842923794712 0.12752721617418344 0.027648176948332406
1 0.8849144634525661 0.969068602039053 0.19906687402799378 0.058061171591498206
0 0.18040435458786938 0.4313115603939865 0.2488335925349922 0.49766718506998436
