0 0.2643140589569161 0.5204081632653061 0.2848639455782313 0.6190476190476191
0 0.021258503401360544 0.19841269841269843 0.036848072562358274 0.06122448979591837
0 0.017715419501133783 0.26643990929705214 0.03259637188208617 0.07029478458049887
0 0.021967120181405893 0.3299319727891157 0.024092970521541947 0.04308390022675741
0 0.019132653061224487 0.39795918367346944 0.029761904761904757 0.061224489795918303
0 0.021967120181405897 0.46371882086167804 0.026927437641723357 0.052154195011337806
0 0.01913265306122449 0.5317460317460317 0.026927437641723357 0.04308390022675731
0 0.020549886621315194 0.5918367346938775 0.029761904761904764 0.054421768707483054
1 0.6526360544217686 0.2857142857142857 0.25935374149659873 0.23582766439909292
1 0.5704365079365079 0.1417233560090703 0.10912698412698418 0.03401360544217687
1 0.5973639455782314 0.4625850340136054 0.08078231292517003 0.03628117913832199
1 0.5569727891156462 0.49659863945578236 0.07653061224489804 0.03174603174603185
1 0.6434240362811791 0.5510204081632654 0.2579365079365081 0.07709750566893411
1 0.5640589569160998 0.6428571428571428 0.042517006802721156 0.0385487528344671
1 0.5598072562358277 0.6882086167800453 0.06802721088435369 0.02040816326530603
1 0.5725623582766439 0.7335600907029479 0.09637188208616777 0.07029478458049894
1 0.5477607709750568 0.7800453514739228 0.041099773242630346 0.02267573696145121
1 0.6696428571428572 0.6848072562358277 0.05810657596371883 0.03628117913832213
1 0.6880668934240363 0.7346938775510204 0.09778911564625851 0.05895691609977334
1 0.6575963718820862 0.7845804988662131 0.05952380952380956 0.03174603174603163
1 0.8645124716553287 0.16553287981859413 0.07369614512471656 0.05442176870748302
1 0.8871882086167799 0.21541950113378683 0.13038548752834458 0.036281179138322024
1 0.9041950113378684 0.2698412698412698 0.12471655328798179 0.04535147392290249
1 0.8935657596371881 0.3299319727891157 0.14030612244897953 0.05215419501133784
1 0.8907312925170068 0.3877551020408163 0.12329931972789097 0.0408163265306122
1 0.8808106575963719 0.42290249433106575 0.10912698412698404 0.020408163265306173
1 0.8985260770975058 0.4603174603174603 0.11337868480725617 0.03628117913832199
1 0.8999433106575964 0.5147392290249433 0.06235827664399096 0.03174603174603177
1 0.899234693877551 0.5612244897959183 0.0666099773242631 0.01587301587301596
1 0.8850623582766439 0.6156462585034014 0.0836167800453515 0.052154195011337945
1 0.8687641723356009 0.6768707482993196 0.0878684807256235 0.029478458049886597
1 0.8964002267573696 0.7936507936507937 0.15164399092970526 0.10884353741496597
1 0.899234693877551 0.8764172335600907 0.09778911564625843 0.024943310657596383
1 0.5527210884353742 0.8866213151927438 0.056689342403628086 0.02721088435374156
1 0.6136621315192744 0.8843537414965986 0.05952380952380956 0.02721088435374156
1 0.6838151927437641 0.891156462585034 0.05243764172335602 0.040816326530612346
1 0.7454648526077097 0.8900226757369615 0.03968253968253961 0.04308390022675738
1 0.11267006802721088 0.11564625850340135 0.20266439909297052 0.022675736961451243
