0 0.2502780867630701 0.4746014089729329 0.2803114571746385 0.510196514645903
1 0.2258064516129032 0.8671363243109628 0.34705228031145713 0.10085279940674824
1 0.7374860956618465 0.11865035224323321 0.3092324805339266 0.07514522308738104
1 0.6006674082313682 0.2827833395130392 0.38487208008898777 0.05537016438017549
1 0.46607341490545046 0.35298479792361886 0.12458286985539488 0.06921270547521935
1 0.5127919911012236 0.4113212211098752 0.22469410456062286 0.019775058707205487
1 0.5011123470522802 0.44296131504140407 0.1968854282536151 0.01977505870720556
1 0.4521690767519466 0.4815214574799958 0.08565072302558399 0.017797552836484983
1 0.6290322580645161 0.5883079965393647 0.45717463848720796 0.1562229637869236
1 0.47385984427141264 0.7435422073909282 0.14238042269187992 0.09096527005314542
1 0.7975528364849833 0.7138796193301199 0.19799777530589552 0.035595105672969966
1 0.46273637374860954 0.843406253862316 0.12680756395995552 0.025707576319367292
