1 0.0823262839879154 0.14018126888217522 0.0377643504531722 0.029003021148036226
1 0.35120845921450156 0.1764350453172205 0.14652567975830813 0.02900302114803626
1 0.3512084592145015 0.2090634441087613 0.10120845921450151 0.026586102719033243
1 0.45468277945619334 0.20785717545476948 0.06042296072507544 0.02900740226905568
1 0.5392749244712991 0.21027190332326284 0.05438066465256796 0.033836858006042296
1 0.12160120845921449 0.18006042296072508 0.2129909365558912 0.02658610271903321
1 0.10120845921450149 0.21510574018126888 0.16616314199395765 0.02900302114803626
1 0.07024169184290031 0.2525679758308157 0.09818731117824774 0.026586102719033278
1 0.08157099697885198 0.6114803625377644 0.15407854984894262 0.08217522658610285
1 0.2507552870090634 0.6163141993957705 0.16616314199395765 0.07250755287009064
1 0.1941087613293051 0.6682779456193353 0.046827794561933554 0.031419939577039174
1 0.030211480362537763 0.67190332326284 0.04833836858006042 0.03383685800604226
0 0.25226586102719034 0.4870090634441088 0.10876132930513599 0.1619335347432024
0 0.08912386706948641 0.48821752265861024 0.10574018126888218 0.17401812688821758
1 0.4342900302114803 0.4555891238670695 0.12235649546827794 0.02658610271903321
1 0.4312688821752266 0.49063444108761334 0.11027190332326285 0.03383685800604233
1 0.4395770392749245 0.5716012084592145 0.16012084592145015 0.06525679758308157
1 0.09818731117824775 0.7432024169184291 0.18731117824773416 0.041087613293051245
1 0.05211480362537764 0.7867069486404833 0.09818731117824774 0.026586102719033278
1 0.04305135951661631 0.8277945619335347 0.07099697885196374 0.041087613293051245
1 0.22658610271903323 0.8265861027190333 0.042296072507552865 0.029003021148036226
1 0.2311178247734139 0.8640483383685801 0.042296072507552865 0.03141993957703931
1 0.21903323262839877 0.9027190332326285 0.024169184290030222 0.026586102719033278
1 0.04833836858006043 0.8664652567975831 0.06948640483383686 0.026586102719033135
1 0.04380664652567976 0.9027190332326285 0.0634441087613293 0.036253776435045355
