1 0.18342391304347824 0.11387163561076605 0.20846273291925463 0.05797101449275362
1 0.25679347826086957 0.2122153209109731 0.3761645962732919 0.08074534161490682
1 0.2579580745341615 0.8167701863354037 0.3621894409937888 0.04761904761904759
1 0.27251552795031053 0.8923395445134576 0.39829192546583847 0.09523809523809533
1 0.731366459627329 0.14699792960662528 0.09316770186335405 0.04140786749482404
1 0.7785326086956522 0.422360248447205 0.1735248447204968 0.07039337474120089
1 0.7861024844720496 0.7267080745341616 0.17934782608695643 0.09109730848861275
0 0.342391304347826 0.5320910973084887 0.5357142857142856 0.5424430641821947
0 0.7925077639751552 0.2815734989648033 0.21079192546583855 0.21946169772256727
0 0.7895962732919253 0.5683229813664596 0.20729813664596278 0.2008281573498965
0 0.7866847826086957 0.8643892339544513 0.20613354037267073 0.14699792960662536
