1 0.5174751156361495 0.2385685884691849 0.2237065820564827 0.023856858846918492
1 0.5162459585918832 0.27435387673956263 0.5211625867689488 0.04373757455268389
1 0.39824688234230976 0.5884691848906561 0.4228300232276376 0.3578528827037774
1 0.5309958431230797 0.8290258449304175 0.648994919372653 0.11530815109343934
1 0.7313484413385011 0.42842942345924456 0.17945692846289263 0.025844930417494964
1 0.7043069863646406 0.4562624254473161 0.17454030028582715 0.03379721669980121
1 0.7116819286302389 0.4970178926441352 0.18929018481702378 0.023856858846918457
1 0.7018486722761078 0.532803180914513 0.1597904157546305 0.03578528827037779
1 0.7239734990729028 0.5745526838966204 0.20895669752528603 0.03578528827037765
1 0.6698905891251816 0.6133200795228629 0.10570750580690934 0.01789264413518886
1 0.7006195152318413 0.6421471172962228 0.15733210166609773 0.023856858846918527
1 0.6907862588777103 0.6650099403578529 0.14749884531196664 0.017892644135188932
1 0.7079944574974397 0.7007952286282307 0.16716535802022883 0.021868787276341946
1 0.6760363743465136 0.7266401590457258 0.08358267901011458 0.025844930417495107
