1 0.0646067415730337 0.12983770287141072 0.07752808988764044 0.019975031210986264
1 0.045505617977528084 0.1637952559300874 0.03932584269662922 0.031960049937578054
1 0.08370786516853931 0.19975031210986266 0.11123595505617975 0.023970037453183508
1 0.05674157303370787 0.26566791510611737 0.05955056179775282 0.023970037453183542
1 0.049438202247191004 0.22671660424469414 0.03820224719101124 0.01797752808988765
1 0.05337078651685394 0.33158551810237197 0.04831460674157304 0.03995006242197256
1 0.05393258426966293 0.3975031210986267 0.047191011235955066 0.02397003745318358
1 0.06348314606741573 0.4694132334581773 0.06853932584269662 0.03595505617977523
1 0.26067415730337085 0.10586766541822723 0.08764044943820228 0.02796504369538079
1 0.29269662921348316 0.1418227215980025 0.16292134831460672 0.027965043695380772
1 0.44887640449438204 0.3046192259675406 0.4685393258426966 0.25767790262172285
1 0.2893258426966292 0.46741573033707867 0.15617977528089888 0.047940074906367015
1 0.5264044943820224 0.5782771535580524 0.643820224719101 0.16179775280898867
1 0.3112359550561798 0.6991260923845194 0.19325842696629217 0.04794007490636716
1 0.4438202247191011 0.834956304619226 0.46741573033707867 0.21173533083645452
0 0.7691011235955056 0.7900124843945069 0.14943820224719104 0.16978776529338319
0 0.7696629213483146 0.296629213483146 0.15505617977528088 0.2097378277153558
