1 0.06235955056179774 0.12983770287141072 0.07303370786516854 0.02796504369538079
1 0.04719101123595506 0.16479400749063672 0.02921348314606741 0.01797752808988765
1 0.049438202247191004 0.1987515605493134 0.03595505617977528 0.021972534332084914
1 0.06629213483146067 0.23270911360799001 0.06516853932584268 0.02596754057428214
1 0.08651685393258428 0.2636704119850187 0.10337078651685394 0.023970037453183508
1 0.10280898876404493 0.2966292134831461 0.14494382022471908 0.021972534332084875
1 0.05786516853932584 0.32958801498127344 0.04606741573033709 0.019975031210986247
1 0.056741573033707866 0.36254681647940074 0.03483146067415731 0.021972534332084875
1 0.054494382022471914 0.3945068664169788 0.03707865168539325 0.029962546816479405
1 0.056179775280898875 0.4304619225967541 0.05168539325842696 0.021972534332084875
1 0.07865168539325841 0.46541822721598 0.07865168539325841 0.019975031210986247
1 0.048314606741573035 0.49737827715355803 0.03820224719101123 0.027965043695380772
1 0.07134831460674157 0.5283395755305867 0.08651685393258425 0.02596754057428214
1 0.1050561797752809 0.5632958801498127 0.14943820224719104 0.027965043695380772
1 0.07640449438202246 0.5982521847690387 0.08988764044943819 0.021972534332084948
1 0.09325842696629212 0.631210986267166 0.1258426966292135 0.02397003745318358
1 0.05561797752808989 0.6641697877652933 0.050561797752808994 0.021972534332084875
1 0.04831460674157304 0.69812734082397 0.03595505617977529 0.029962546816479405
1 0.052808988764044947 0.7320848938826466 0.04494382022471909 0.02596754057428214
1 0.058426966292134834 0.7610471928815573 0.05617977528089888 0.02796504369538084
1 0.05955056179775282 0.8009987515605493 0.06516853932584271 0.02796504369538084
1 0.25280898876404495 0.12883895131086143 0.06966292134831466 0.02596754057428214
1 0.5269662921348315 0.21672908863920098 0.6247191011235955 0.1258426966292135
1 0.5292134831460674 0.4024968789013733 0.6292134831460675 0.22971285892634202
1 0.27977528089887643 0.5553058676654182 0.12584269662921346 0.0319600499375781
1 0.4528089887640449 0.6292134831460675 0.4674157303370785 0.10786516853932575
1 0.447752808988764 0.7250936329588015 0.4707865168539325 0.08389513108614238
1 0.3151685393258427 0.8079900124843945 0.21910112359550563 0.06591760299625463
1 0.2410112359550562 0.8599176123478611 0.06404494382022477 0.029962546816479543
1 0.2308988764044944 0.8978776529338327 0.03258426966292131 0.025967540574281998
0 0.7685393258426967 0.7500624219725343 0.15280898876404492 0.3535580524344569
