1 0.5196254396748884 0.2835856910176751 0.2539442600464546 0.04071906858900889
1 0.5185584469856175 0.3424021234240213 0.5633721399349918 0.07088134161790442
1 0.3958542877194735 0.4886891476141642 0.4118591780585356 0.12818966037280569
1 0.41845994274933646 0.6223713556393955 0.36555121435574206 0.13596817293266156
1 0.5475251741337104 0.707917997776195 0.6076487291264309 0.028326702694304373
1 0.5411119949344868 0.749841517763766 0.6108553187260426 0.0419235199875709
1 0.5373763180509391 0.8043647551097632 0.5975159059916579 0.054840496416173466
1 0.7175075488387499 0.43538702525927236 0.21598103501517307 0.02996543756091711
1 0.7155199933018004 0.4639478329345215 0.1961054796456787 0.017791978551794544
1 0.7088948081786356 0.4864219111052094 0.1802050353500831 0.019664818399351986
1 0.6976297987909535 0.5098324091996759 0.18153007237471613 0.021537658246909216
1 0.7029321415677866 0.5341793272179209 0.18153007237471613 0.021537658246909216
1 0.6976297987909535 0.5098324091996759 0.18153007237471613 0.021537658246909216
1 0.6989553844851613 0.5575898253123873 0.18153007237471613 0.021537658246909216
1 0.6989553844851613 0.5819367433306326 0.18153007237471613 0.021537658246909216
1 0.70823448434462 0.6053472414250991 0.18153007237471613 0.021537658246909216
1 0.7002809701793694 0.6353126789860162 0.18153007237471613 0.021537658246909216
1 0.7016065558735776 0.6624688567755973 0.18153007237471613 0.021537658246909216
