1 0.3432015288787541 0.14115308151093442 0.47260538402975966 0.03578528827037774
1 0.4627594385291397 0.22067594433399598 0.6217011301820053 0.09542743538767393
0 0.4655725658150311 0.3210735586481113 0.5991961118948739 0.08151093439363816
1 0.3474212198075912 0.3856858846918489 0.34038840159286265 0.015904572564612352
1 0.48245132953037967 0.41749502982107356 0.6104486210384397 0.031809145129224635
1 0.47823163860154255 0.474155069582505 0.6076354937525482 0.0815109343936382
0 0.2869389831609255 0.5467196819085487 0.2588077103020112 0.05964214711729618
0 0.6371733302544083 0.5457256461232605 0.29537836501859976 0.06163021868787275
0 0.44869380209968257 0.6292246520874751 0.250368328444337 0.07355864811133188
1 0.3066308741621655 0.679920477137177 0.30381774687627405 0.031809145129224704
1 0.3150702560198398 0.720675944333996 0.2869389831609255 0.02186878727634209
1 0.4754185113156511 0.7495029821073558 0.6076354937525482 0.027833001988071544
1 0.47682507495859683 0.8021868787276343 0.5991961118948739 0.069582504970179
