1 0.11833900226757368 0.18707482993197277 0.08928571428571429 0.0385487528344671
1 0.5045351473922903 0.2811791383219954 0.8446712018140591 0.08163265306122447
1 0.5038265306122448 0.36848072562358275 0.843253968253968 0.0884353741496598
1 0.2876984126984127 0.4387755102040816 0.3061224489795918 0.03401360544217688
1 0.39115646258503406 0.48072562358276644 0.4931972789115646 0.04535147392290249
1 0.23100907029478457 0.5249433106575964 0.18140589569161 0.04308390022675731
1 0.30683106575963714 0.564625850340136 0.3500566893424035 0.02267573696145135
1 0.18424036281179137 0.6553287981859409 0.20691609977324263 0.018140589569160995
1 0.43367346938775503 0.7414965986394557 0.7171201814058956 0.02721088435374142
1 0.26431405895691606 0.7879818594104309 0.24801587301587297 0.04761904761904759
1 0.3904478458049887 0.8276643990929705 0.49744897959183676 0.02721088435374156
1 0.4875283446712018 0.8696145124716554 0.7001133786848073 0.052154195011337806
