1 0.30168539325842697 0.1128589263420724 0.18314606741573036 0.03795255930087391
0 0.7679775280898877 0.3385767790262173 0.151685393258427 0.34157303370786524
0 0.27640449438202247 0.802996254681648 0.11910112359550563 0.1598002496878901
1 0.0646067415730337 0.1278401997503121 0.06629213483146065 0.027965043695380772
1 0.04606741573033707 0.16479400749063672 0.03595505617977528 0.025967540574282157
1 0.05 0.19675405742821475 0.0348314606741573 0.01797752808988765
1 0.05786516853932585 0.2317103620474407 0.03932584269662922 0.023970037453183508
1 0.06123595505617978 0.26267166042446943 0.03932584269662922 0.021972534332084914
1 0.08651685393258428 0.29463171036204744 0.08539325842696631 0.025967540574282175
1 0.10056179775280899 0.34157303370786524 0.1292134831460674 0.04394506866416983
1 0.09438202247191012 0.38252184769038705 0.1101123595505618 0.029962546816479474
1 0.10224719101123596 0.41747815230961294 0.12584269662921346 0.019975031210986247
1 0.09382022471910113 0.45043695380774035 0.12247191011235957 0.029962546816479405
1 0.06348314606741573 0.4833957553058677 0.050561797752808994 0.023970037453183508
1 0.06179775280898877 0.5173533083645443 0.05617977528089888 0.019975031210986316
1 0.05617977528089888 0.5473158551810237 0.042696629213483155 0.02397003745318358
1 0.05786516853932584 0.5812734082397003 0.04382022471910112 0.027965043695380772
1 0.08146067415730338 0.6162297128589264 0.0955056179775281 0.021972534332084948
1 0.09325842696629212 0.6491885143570536 0.10786516853932582 0.02397003745318344
1 0.08202247191011237 0.6841448189762797 0.09438202247191013 0.021972534332084875
1 0.05561797752808989 0.717103620474407 0.03707865168539326 0.02397003745318344
1 0.0893258426966292 0.7590511860174781 0.11573033707865166 0.04394506866416975
1 0.06853932584269662 0.8039950062421974 0.07640449438202246 0.017977528089887614
1 0.08764044943820226 0.8339575530586767 0.11235955056179776 0.021972534332084875
1 0.06348314606741573 0.8709113607990012 0.04831460674157302 0.02397003745318358
1 0.3202247191011236 0.15181023720349565 0.17752808988764046 0.03196004993757803
1 0.4528089887640449 0.29563046192259673 0.47415730337078654 0.2357053682896379
1 0.25337078651685396 0.4444444444444444 0.07528089887640452 0.02596754057428214
1 0.5241573033707866 0.570287141073658 0.6191011235955056 0.20574282147315856
1 0.24943820224719102 0.7051186017478153 0.07415730337078649 0.02796504369538084
1 0.5904494382022472 0.8019975031210987 0.49101123595505614 0.1617977528089888
1 0.5887640449438203 0.9178526841448189 0.49662921348314604 0.04194756554307119
