0 0.20917573872472786 0.45895973734231904 0.3001555209953344 0.53637463279765
1 0.5769828926905132 0.2764817694833247 0.4199066874027993 0.2543632279246587
1 0.4315707620528771 0.5819941247623984 0.11041990668740276 0.052531536201831625
1 0.4090202177293935 0.612397564134457 0.06531881804043543 0.019353723863832713
1 0.432348367029549 0.649732158285813 0.11197511664074654 0.02764817694833248
1 0.5217729393468118 0.7064109210298946 0.3032659409020217 0.06359080698116458
1 0.5085536547433904 0.8681527561776394 0.27060653188180406 0.2433039571453257
1 0.8367029548989114 0.18384365498197358 0.08087091757387256 0.06912044237083116
1 0.8740279937791603 0.3234836702954899 0.16485225505443224 0.20459650941766028
1 0.8234836702954899 0.4949023673751512 0.06998444790046648 0.038707447727665496
1 0.8888024883359255 0.5584931743563154 0.1881804043545879 0.06635562467599779
1 0.8413685847589424 0.616554345947814 0.09642301710730948 0.049766718506998445
1 0.8763608087091757 0.6856747883186451 0.1726283048211509 0.10506307240366333
