0 0.24943820224719096 0.4694132334581773 0.2831460674157303 0.4833957553058677
1 0.2455056179775281 0.7780274656679151 0.2955056179775281 0.09787765293383259
1 0.5544943820224719 0.26666666666666666 0.3044943820224719 0.03395755305867663
1 0.5095505617977528 0.2976279650436954 0.2191011235955056 0.0359550561797753
1 0.4842696629213484 0.3535580524344569 0.15280898876404486 0.0719101123595506
1 0.44213483146067417 0.41348314606741565 0.07303370786516858 0.027965043695380772
1 0.6247191011235955 0.5153558052434457 0.4337078651685393 0.1598002496878901
1 0.5303370786516853 0.6451935081148563 0.22921348314606738 0.03595505617977515
1 0.5634831460674157 0.746067415730337 0.31797752808988766 0.13383270911360812
1 0.5134831460674156 0.8779026217228464 0.2202247191011235 0.08988764044943821
1 0.7634831460674156 0.8679151061173533 0.20112359550561792 0.06591760299625463
1 0.7426966292134831 0.12284644194756554 0.30337078651685395 0.05792759051186017
