1 0.026218820861678007 0.2448979591836735 0.043934240362811794 0.05442176870748302
1 0.046768707482993194 0.18820861678004533 0.04251700680272109 0.027210884353741492
1 0.026218820861678004 0.3412698412698413 0.03259637188208617 0.03401360544217688
1 0.13818027210884354 0.3435374149659864 0.05527210884353741 0.024943310657596383
1 0.036139455782312924 0.3956916099773242 0.04109977324263039 0.024943310657596314
1 0.04960317460317461 0.4342403628117914 0.036848072562358274 0.024943310657596383
1 0.06235827664399093 0.5056689342403629 0.05952380952380953 0.04988662131519277
1 0.06802721088435375 0.5668934240362812 0.11904761904761905 0.02267573696145121
1 0.06235827664399093 0.6020408163265306 0.07086167800453516 0.029478458049886528
1 0.06235827664399093 0.6383219954648526 0.06235827664399093 0.015873015873015886
1 0.06873582766439909 0.7063492063492063 0.11479591836734693 0.020408163265306173
1 0.028344671201814064 0.7607709750566894 0.042517006802721094 0.020408163265306173
1 0.06731859410430839 0.7981859410430839 0.08078231292517007 0.02721088435374156
1 0.06235827664399093 0.8707482993197279 0.10204081632653061 0.02721088435374156
1 0.05881519274376418 0.9263038548752834 0.09212018140589569 0.024943310657596383
1 0.46201814058956914 0.21541950113378683 0.18424036281179135 0.027210884353741527
1 0.4705215419501134 0.24603174603174602 0.13605442176870747 0.029478458049886632
1 0.4719387755102041 0.34467120181405897 0.19274376417233563 0.15419501133786853
1 0.4613095238095238 0.5374149659863946 0.1856575963718821 0.0317460317460317
1 0.4726473922902494 0.564625850340136 0.13747165532879826 0.018140589569160995
1 0.4719387755102041 0.6643990929705216 0.19557823129251703 0.15873015873015872
1 0.46910430839002265 0.8526077097505669 0.20124716553287983 0.03174603174603177
1 0.4719387755102041 0.8775510204081632 0.15589569160997727 0.02267573696145121
1 0.8134920634920634 0.2743764172335601 0.13605442176870752 0.14058956916099774
1 0.8120748299319729 0.5861678004535148 0.14455782312925167 0.17913832199546484
1 0.8149092970521542 0.8718820861678005 0.15589569160997727 0.12471655328798192
0 0.2848639455782313 0.32199546485260766 0.11904761904761905 0.23129251700680278
0 0.2848639455782313 0.6337868480725624 0.10770975056689344 0.21541950113378697
0 0.2869897959183673 0.8922902494331066 0.10629251700680271 0.08390022675736972
1 0.14384920634920634 0.14852607709750568 0.07227891156462586 0.04761904761904763
1 0.6299603174603174 0.1473922902494331 0.07794784580498863 0.022675736961451226
1 0.7284580498866213 0.14852607709750568 0.0935374149659863 0.02494331065759635
1 0.8106575963718821 0.1473922902494331 0.04535147392290242 0.027210884353741492
1 0.8836451247165532 0.14852607709750568 0.04393424036281175 0.03854875283446711
