1 0.5477607709750566 0.5634920634920634 0.47477324263038545 0.20634920634920625
1 0.45209750566893425 0.3843537414965986 0.286281179138322 0.029478458049886597
1 0.3231292517006803 0.4342403628117914 0.028344671201814043 0.024943310657596383
1 0.4499716553287982 0.3151927437641724 0.16014739229024932 0.022675736961451243
1 0.3847789115646259 0.33673469387755106 0.16014739229024946 0.0204081632653061
1 0.4357993197278911 0.3582766439909297 0.2593537414965986 0.018140589569161064
1 0.6101190476190476 0.3560090702947846 0.0751133786848073 0.022675736961451278
1 0.3833616780045351 0.2834467120181406 0.0864512471655329 0.018140589569160995
0 0.3231292517006803 0.2800453514739229 0.025510204081632678 0.04308390022675734
0 0.3231292517006803 0.8253968253968254 0.022675736961451243 0.0408163265306122
1 0.3713151927437642 0.8253968253968254 0.06802721088435376 0.03174603174603177
1 0.4613095238095238 0.8594104308390023 0.1799886621315193 0.02721088435374156
1 0.3458049886621315 0.6950113378684807 0.05385487528344665 0.024943310657596383
1 0.37981859410430835 0.7278911564625851 0.1360544217687075 0.02267573696145121
1 0.3493480725623583 0.764172335600907 0.05527210884353735 0.01360544217687078
1 0.4124149659863946 0.7675736961451247 0.03401360544217688 0.03401360544217681
1 0.049603174603174593 0.18594104308390022 0.059523809523809514 0.040816326530612235
1 0.031179138321995464 0.14965986394557823 0.034013605442176874 0.03174603174603174
1 0.09141156462585034 0.14058956916099774 0.08078231292517009 0.0453514739229025
1 0.17006802721088435 0.13945578231292516 0.05668934240362813 0.03401360544217688
1 0.25651927437641725 0.13945578231292516 0.09637188208616781 0.03401360544217688
1 0.34438775510204084 0.14512471655328799 0.05102040816326532 0.0453514739229025
1 0.40887188208616776 0.14512471655328799 0.04960317460317462 0.02267573696145126
1 0.38265306122448983 0.18480725623582764 0.1502267573696145 0.02494331065759635
1 0.41666666666666674 0.2222222222222222 0.051020408163265286 0.04081632653061227
1 0.3458049886621315 0.22108843537414963 0.04251700680272109 0.029478458049886632
1 0.19345238095238096 0.2256235827664399 0.06094104308390023 0.029478458049886597
1 0.39186507936507936 0.8798185941043084 0.17148526077097503 0.02721088435374156
1 0.43367346938775503 0.9047619047619048 0.24943310657596368 0.02267573696145121
1 0.6065759637188208 0.9081632653061225 0.07653061224489782 0.024943310657596383
