1 0.297583081570997 0.3939577039274924 0.16012084592145015 0.09184290030211478
1 0.2892749244712991 0.340785498489426 0.14048338368580057 0.029003021148036226
1 0.452416918429003 0.340785498489426 0.06797583081570992 0.024169184290030187
1 0.4984894259818731 0.3963746223564955 0.1782477341389729 0.07734138972809668
1 0.44335347432024164 0.5546827794561934 0.4395770392749245 0.07009063444108769
1 0.4486404833836858 0.6356495468277946 0.4561933534743203 0.053172205438066486
0 0.31117824773413894 0.23323262839879155 0.18126888217522658 0.16676737160120844
0 0.5007552870090635 0.2308157099697885 0.1797583081570997 0.15709969788519634
0 0.6586102719033232 0.23806646525679756 0.1057401812688822 0.15226586102719034
0 0.8179758308157099 0.3613293051359517 0.1374622356495469 0.11842900302114806
1 0.7651057401812688 0.44592145015105744 0.05287009063444103 0.01691842900302113
1 0.8058912386706949 0.5075528700906344 0.12839879154078546 0.07734138972809675
1 0.916918429003021 0.4471299093655589 0.04531722054380666 0.024169184290030187
0 0.9161631419939575 0.36374622356495473 0.040785498489425864 0.1280966767371601
1 0.11555891238670696 0.22477341389728095 0.06797583081570996 0.029003021148036226
1 0.10422960725075528 0.2755287009063444 0.03625377643504532 0.014501510574018148
1 0.10196374622356495 0.32870090634441085 0.028700906344410873 0.03867069486404837
1 0.11858006042296072 0.3770392749244713 0.06193353474320242 0.029003021148036226
1 0.10725075528700906 0.42779456193353477 0.036253776435045335 0.029003021148036226
1 0.10574018126888216 0.47371601208459213 0.03323262839879154 0.029003021148036295
1 0.11782477341389729 0.5244712990936555 0.05740181268882177 0.03383685800604226
1 0.1268882175226586 0.5740181268882175 0.08157099697885198 0.03141993957703939
1 0.12613293051359517 0.6271903323262841 0.08006042296072508 0.03141993957703931
1 0.10649546827794562 0.6755287009063444 0.04078549848942599 0.01691842900302106
1 0.10876132930513595 0.7250755287009063 0.042296072507552865 0.029003021148036226
1 0.12084592145015106 0.7734138972809669 0.06948640483383688 0.029003021148036368
1 0.12084592145015105 0.8350453172205438 0.06344410876132932 0.03141993957703931
1 0.11253776435045318 0.8942598187311178 0.049848942598187305 0.029003021148036226
1 0.26963746223564955 0.1256797583081571 0.07703927492447128 0.043504531722054395
0 0.3421450151057402 0.8084592145015105 0.23413897280966764 0.2586102719033231
0 0.5815709969788521 0.8084592145015105 0.23867069486404838 0.2344410876132932
