0 0.7387640449438203 0.5543071161048689 0.11797752808988761 0.16579275905118607
1 0.36067415730337077 0.22471910112359553 0.32134831460674157 0.05393258426966294
1 0.7112359550561798 0.26866416978776525 0.03146067415730343 0.02596754057428214
1 0.7404494382022472 0.27166042446941324 0.022471910112359696 0.023970037453183473
1 0.7808988764044943 0.27166042446941324 0.04494382022471911 0.023970037453183473
1 0.8224719101123595 0.2696629213483146 0.024719101123595523 0.023970037453183508
1 0.23258426966292134 0.26866416978776525 0.026966292134831454 0.021972534332084914
1 0.2612359550561798 0.2726591760299626 0.021348314606741498 0.02596754057428214
1 0.07134831460674157 0.2696629213483146 0.07752808988764044 0.027965043695380772
1 0.04719101123595506 0.3036204744069913 0.02921348314606741 0.023970037453183542
1 0.06235955056179776 0.33757802746566795 0.052808988764044947 0.023970037453183508
1 0.07134831460674157 0.36553858238999015 0.0797752808988764 0.0359550561797753
1 0.09101123595505617 0.4034956304619226 0.11235955056179775 0.03196004993757803
1 0.057303370786516844 0.4364544319600499 0.04494382022471911 0.017977528089887684
1 0.07078651685393257 0.4714107365792759 0.07191011235955055 0.027965043695380772
1 0.060112359550561795 0.5013732833957554 0.052808988764044947 0.027965043695380772
1 0.09382022471910112 0.532334581772784 0.1134831460674157 0.029962546816479474
1 0.08932584269662922 0.5792759051186017 0.10674157303370785 0.047940074906367085
1 0.08988764044943821 0.6332084893882647 0.11011235955056181 0.04394506866416983
1 0.08707865168539326 0.6731585518102372 0.10224719101123596 0.02397003745318358
1 0.0848314606741573 0.7131086142322098 0.10224719101123593 0.02796504369538084
1 0.0696629213483146 0.746067415730337 0.07191011235955055 0.021972534332085018
1 0.05224719101123596 0.7790262172284644 0.03258426966292135 0.0319600499375781
1 0.08033707865168539 0.8079900124843945 0.1 0.025967540574281998
1 0.060112359550561795 0.840948813982522 0.041573033707865165 0.019975031210986316
1 0.08932584269662922 0.8818976279650437 0.10224719101123597 0.02596754057428214
1 0.08651685393258425 0.9108614232209737 0.10561797752808987 0.02397003745318358
1 0.2915730337078652 0.3146067415730337 0.15393258426966291 0.02996254681647933
1 0.41629213483146066 0.5303370786516853 0.3966292134831461 0.1777777777777777
1 0.40955056179775284 0.6851435705368288 0.3831460674157304 0.0998751560549313
1 0.4112359550561798 0.7880149812734082 0.38426966292134834 0.08988764044943821
1 0.2544943820224719 0.8609238451935082 0.07752808988764044 0.03595505617977537
1 0.41573033707865165 0.9148564294631711 0.39550561797752815 0.05193508114856442
1 0.6421348314606742 0.6581772784019975 0.04606741573033709 0.03395755305867667
1 0.6443820224719101 0.7210986267166042 0.04382022471910105 0.03995006242197263
1 0.7674157303370787 0.685143570536829 0.14831460674157312 0.08389513108614238
1 0.645505617977528 0.7560549313358302 0.05505617977528104 0.017977528089887614
1 0.6393258426966293 0.781023720349563 0.049438202247191046 0.01598002496878905
1 0.7567415730337079 0.7640449438202248 0.12921348314606745 0.03795255930087393
1 0.6438202247191012 0.82896379525593 0.040449438202247306 0.02397003745318344
1 0.7297752808988764 0.8009987515605493 0.05955056179775284 0.019975031210986316
1 0.6494382022471911 0.8789013732833958 0.06067415730337082 0.019975031210986174
1 0.6533707865168539 0.9028714107365792 0.0640449438202247 0.02397003745318344
1 0.7629213483146069 0.8758991335736697 0.15056179775280895 0.021972534332084875
1 0.7314606741573033 0.853932584269663 0.05393258426966284 0.017977528089887614
1 0.7438202247191011 0.90187265917603 0.09887640449438194 0.009987515605493229
1 0.7123595505617979 0.9248439450686641 0.042696629213483134 0.01598002496878905
1 0.553932584269663 0.385518102372035 0.4449438202247192 0.07191011235955053
