1 0.6119629870043849 0.1386861313868613 0.6093808646963496 0.04014598540145986
1 0.5254618896851997 0.19799270072992703 0.7617260808704368 0.0456204379562044
1 0.5164244616070758 0.23996350364963503 0.7539797139463306 0.03102189781021899
1 0.5048049112209166 0.35675182481751827 0.7410691024061538 0.19160583941605838
1 0.3937736519753953 0.48996350364963503 0.4312144254419083 0.012773722627737244
1 0.5177155227610934 0.5328467153284672 0.6894266562454462 0.06204379562043791
1 0.528040344997504 0.5912408759124088 0.6997551454775878 0.047445255474452566
0 0.26724965888166174 0.6916058394160584 0.15750946079015818 0.08029197080291965
1 0.5835596416159957 0.6888686131386862 0.44928928159815607 0.06751824817518255
1 0.5783953969999248 0.7317518248175182 0.43896079236601443 0.014598540145985339
1 0.5164244616070758 0.7837591240875912 0.599052375464208 0.08576642335766409
1 0.35116863389281155 0.6386861313868613 0.31501892158031625 0.02189781021897801
