0 0.21306376360808707 0.5792293070675651 0.20839813374805594 0.627613616727147
1 0.5567651632970452 0.352514256091239 0.3794712286158631 0.10229825470883014
1 0.45412130637636083 0.436841195783653 0.18351477449455672 0.07188526006566441
1 0.45723172628304826 0.5087264558493174 0.16485225505443238 0.05529635389666488
1 0.4813374805598756 0.5709348539830654 0.22861586314152404 0.09676861931916364
1 0.4976671850699844 0.7326766891308104 0.28304821150855375 0.2488335925349923
1 0.8685847589424571 0.34282783888821555 0.1664074650077761 0.07741489545533092
1 0.8701399688958007 0.446516863306681 0.16329704510108856 0.12996315338160014
1 0.7332814930015553 0.5488163124243995 0.06065318818040438 0.03594263003283217
1 0.8740279937791601 0.576464489372732 0.1679626749611198 0.09123898392949713
1 0.8779160186625193 0.6842923794712286 0.17262830482115063 0.10782789009849665
1 0.8755832037325039 0.7838258164852254 0.1772939346811819 0.08570934853983062
1 0.8662519440124418 0.8543370285656917 0.1399688958009332 0.055336963798870153
