0 0.2876227483583349 0.1819085487077535 0.11799907624957327 0.10139165009940358
1 0.4941211317950881 0.11928429423459246 0.5654122403625387 0.023856858846918492
1 0.6969320440990423 0.07057654075546721 0.4007051964308426 0.025844930417495037
1 0.5875370671593336 0.18787276341948314 0.4670796768212276 0.10536779324055669
1 0.5187042726804159 0.25347912524850896 0.6194951503102597 0.03379721669980117
1 0.35276807170445346 0.32007952286282304 0.30237263288953153 0.023856858846918457
1 0.5174751156361496 0.38369781312127244 0.6416199771070548 0.09145129224652088
1 0.5211625867689488 0.4860834990059643 0.6440782911955876 0.12127236580516908
0 0.5211625867689487 0.6530815109343936 0.5752454967166698 0.2047713717693837
1 0.31589336037646176 0.7654075546719682 0.2384564665876793 0.027833001988071687
0 0.2949976906239332 0.8499005964214712 0.12783233260370444 0.0854870775347912
1 0.5875370671593336 0.84493041749503 0.4474131641129654 0.08349900596421478
