0 0.24805339265850945 0.47460140897293285 0.27586206896551724 0.48646644419725615
1 0.6562847608453838 0.28179458657767886 0.5027808676307007 0.06130268199233718
1 0.5066740823136818 0.3282659745396119 0.20578420467185765 0.04350512915585217
1 0.4694104560622915 0.3866023977258682 0.135706340378198 0.0731677172166605
1 0.5016685205784204 0.44296131504140407 0.1957730812013348 0.023730070448646643
1 0.4482758620689655 0.47361265603757263 0.08676307007786427 0.02570757631936715
1 0.6218020022246941 0.5873192436040044 0.4360400444938821 0.17006550488196773
1 0.42602892102335926 0.7039920899765171 0.0467185761957731 0.023730070448646643
1 0.596774193548387 0.7010258311704363 0.23692992213570627 0.04548263502657264
1 0.46941045606229137 0.7128908663947595 0.00444938820912121 0.0019775058707206484
1 0.5361512791991101 0.7415647015202077 0.11568409343715232 0.0237300704486465
1 0.4221357063403782 0.864170065504882 0.03448275862068968 0.03164009393152895
0 0.5745272525027808 0.864170065504882 0.22358175750834264 0.09096527005314542
1 0.24638487208008897 0.7860585836114201 0.30589543937708563 0.07712272895810145
1 0.7408231368186874 0.11865035224323321 0.307007786429366 0.047460140897293286
