1 0.44138198757763975 0.2474120082815735 0.4262422360248448 0.09730848861283647
1 0.4390527950310558 0.37991718426501037 0.4239130434782608 0.12629399585921328
1 0.26086956521739124 0.5072463768115942 0.06288819875776401 0.0331262939958593
1 0.4862189440993788 0.5600414078674949 0.31327639751552794 0.06004140786749481
1 0.4885481366459628 0.619047619047619 0.31560559006211186 0.04968944099378881
1 0.4862189440993789 0.7049689440993788 0.3202639751552796 0.06832298136645946
1 0.4897127329192547 0.7701863354037266 0.313276397515528 0.04140786749482388
1 0.43031832298136635 0.8923395445134575 0.42274844720496885 0.0910973084886129
1 0.1589673913043478 0.2111801242236025 0.0966614906832298 0.03726708074534159
1 0.156055900621118 0.38095238095238093 0.11180124223602482 0.06625258799171846
1 0.1525621118012422 0.5900621118012422 0.10248447204968945 0.07039337474120089
1 0.1513975155279503 0.7939958592132504 0.09782608695652174 0.07246376811594203
1 0.30921770310370683 0.15734989648033124 0.4041496919216992 0.02484472049689443
1 0.1607142857142857 0.10559006211180125 0.12111801242236025 0.041407867494824016
1 0.265527950310559 0.10351966873706005 0.02795031055900619 0.028985507246376815
1 0.3097826086956521 0.10351966873706005 0.03260869565217387 0.028985507246376815
1 0.3656832298136646 0.10248447204968944 0.06288819875776397 0.02691511387163562
1 0.42565993788819867 0.10559006211180122 0.04076086956521742 0.028985507246376815
1 0.46933229813664595 0.10559006211180122 0.03726708074534166 0.028985507246376815
1 0.5112577639751552 0.10662525879917183 0.034937888198757816 0.03519668737060042
0 0.05648291925465838 0.4233954451345756 0.08268633540372669 0.6563146997929608
0 0.9072204968944098 0.42028985507246375 0.07453416149068304 0.6625258799171843
0 0.7663043478260869 0.42546583850931674 0.1933229813664596 0.30848861283643897
0 0.765139751552795 0.7432712215320911 0.19099378881987575 0.2691511387163561
1 0.7214673913043478 0.9265010351966874 0.07802795031055894 0.03933747412008287
