1 0.36917701863354035 0.22877846790890272 0.42158385093167694 0.15527950310559008
1 0.3704013445669227 0.434782608695652 0.42403250279844185 0.22774327122153237
1 0.3907220496894409 0.6863354037267081 0.4763198757763975 0.2256728778467908
1 0.3715062111801242 0.8633540372670808 0.43788819875776397 0.11594202898550719
1 0.20322204968944096 0.10559006211180125 0.059394409937888214 0.041407867494824016
1 0.39596273291925466 0.11283643892339544 0.30978260869565216 0.051759834368530024
0 0.16420807453416145 0.10662525879917185 0.02329192546583851 0.04347826086956523
1 0.6719697611967174 0.10248447204968941 0.02095357894836003 0.0476190476190476
1 0.7069099378881987 0.10869565217391304 0.03493788819875775 0.03519668737060042
1 0.7366071428571428 0.10662525879917183 0.015139751552795105 0.03933747412008282
1 0.7593167701863354 0.10248447204968944 0.020962732919254705 0.047619047619047616
1 0.7925077639751552 0.10455486542443065 0.02911490683229829 0.03519668737060042
