0 0.47335600907029474 0.6054421768707483 0.37981859410430835 0.4580498866213151
1 0.37840136054421764 0.17913832199546484 0.10487528344671197 0.05442176870748296
1 0.4669784580498866 0.24036281179138322 0.3698979591836735 0.054421768707482984
1 0.38619614512471656 0.3208616780045351 0.11196145124716558 0.08390022675736965
1 0.6285430839002266 0.30498866213151926 0.06377551020408155 0.04308390022675738
1 0.33730158730158727 0.8662131519274376 0.05102040816326532 0.03628117913832199
1 0.7908163265306122 0.35714285714285715 0.20124716553287983 0.04308390022675738
1 0.7893990929705216 0.2199546485260771 0.167233560090703 0.040816326530612235
0 0.7553854875283448 0.2834467120181406 0.053854875283446686 0.08163265306122451
0 0.822704081632653 0.2811791383219954 0.05243764172335602 0.07256235827664398
