0 0.248876404494382 0.43545568039950056 0.28876404494382024 0.44344569288389507
1 0.24775280898876403 0.7800249687890138 0.3 0.08589263420724094
1 0.5162921348314607 0.2606741573033708 0.21685393258426963 0.03395755305867667
1 0.5179775280898876 0.2956304619225968 0.22921348314606738 0.023970037453183542
1 0.500561797752809 0.3695380774032459 0.19213483146067417 0.0958801498127341
1 0.4432584269662921 0.4364544319600499 0.07752808988764053 0.02596754057428214
1 0.6247191011235955 0.5423220973782772 0.43820224719101136 0.16179775280898873
1 0.5275280898876403 0.6711610486891385 0.2280898876404494 0.03995006242197249
1 0.5573033707865168 0.768039950062422 0.3123595505617977 0.12584269662921344
1 0.7426966292134831 0.12084893882646693 0.30112359550561796 0.06591760299625468
1 0.5140449438202247 0.8878901373283395 0.22359550561797747 0.0699126092384519
1 0.7674157303370787 0.8928838951310861 0.21573033707865163 0.07990012484394499
0 0.3709677419354838 0.11865035224323321 0.3770856507230256 0.059325176121616606
