1 0.15605590062111802 0.8436853002070392 0.21195652173913043 0.15113871635610765
1 0.47399068322981364 0.8478260869565217 0.39130434782608686 0.13871635610766048
1 0.4763198757763975 0.7173913043478263 0.11645962732919259 0.051759834368530024
1 0.4844720496894409 0.6594202898550725 0.08618012422360259 0.0393374741200828
1 0.4920281945094953 0.14492753623188404 0.3411964999705809 0.12008281573498955
1 0.18284161490683232 0.22360248447204967 0.041925465838509306 0.012422360248447183
1 0.29988354037267073 0.22877846790890266 0.0454192546583851 0.03933747412008284
1 0.4413819875776397 0.23084886128364387 0.06288819875776397 0.035196687370600444
1 0.5537655279503104 0.2267080745341615 0.05473602484472053 0.018633540372670794
1 0.6766304347826088 0.23084886128364387 0.06055900621117999 0.022774327122153187
0 0.7837732919254659 0.22360248447204967 0.023291925465838404 0.028985507246376798
1 0.6480978260869565 0.3033126293995859 0.0966614906832298 0.060041407867494775
1 0.7505822981366458 0.30952380952380953 0.09433229813664595 0.043478260869565195
1 0.19390527950310557 0.2960662525879917 0.07336956521739131 0.049689440993788844
1 0.25038819875776397 0.30745341614906835 0.02795031055900626 0.03933747412008284
1 0.2917313664596273 0.3084886128364389 0.040760869565217385 0.024844720496894405
1 0.3365683229813664 0.3033126293995859 0.03726708074534159 0.022774327122153225
1 0.3977096273291925 0.3033126293995859 0.05007763975155271 0.03933747412008284
0 0.4792313664596273 0.505175983436853 0.47399068322981364 0.10351966873706005
0 0.797166149068323 0.8571428571428572 0.1991459627329192 0.1656314699792962
