1 0.655140704593985 0.07157057654075548 0.4990377599721537 0.02783300198807158
1 0.5236209008574814 0.14910536779324055 0.6440782911955875 0.09940357852882703
1 0.5236209008574814 0.25447316103379725 0.648994919372653 0.11133200795228632
1 0.5285375290345471 0.35387673956262433 0.6440782911955876 0.07952286282306169
1 0.3048309469780643 0.4155069582504971 0.2114150116138188 0.01988071570576537
1 0.5211625867689488 0.45924453280318095 0.6440782911955876 0.06361829025844927
1 0.5211625867689486 0.5487077534791253 0.6539115475497185 0.11133200795228625
1 0.2839352772255357 0.6262425447316105 0.16470704393169608 0.027833001988071614
1 0.5236209008574814 0.7256461232604374 0.6588281757267841 0.16699801192842942
1 0.4363507507145678 0.8260437375745527 0.48428787544095697 0.029821073558647982
1 0.5223917438132151 0.8956262425447318 0.6514532334611858 0.06163021868787283
