0 0.07511337868480726 0.30272108843537415 0.09637188208616781 0.1383219954648526
0 0.17928004535147393 0.3038548752834467 0.06944444444444446 0.13151927437641728
0 0.1254251700680272 0.7176870748299319 0.16865079365079363 0.16099773242630383
0 0.32029478458049887 0.6213151927437641 0.03117913832199548 0.07709750566893404
1 0.4329648526077098 0.6281179138321995 0.08361678004535143 0.04535147392290242
1 0.4301303854875283 0.7925170068027211 0.06660997732426303 0.04761904761904759
0 0.3231292517006803 0.7913832199546484 0.03968253968253972 0.058956916099773195
1 0.31887755102040816 0.6984126984126985 0.0935374149659864 0.018140589569160995
1 0.4272959183673469 0.6972789115646258 0.09778911564625843 0.020408163265306173
1 0.4244614512471655 0.8560090702947847 0.09778911564625851 0.020408163265306173
1 0.31887755102040816 0.8605442176870749 0.09637188208616773 0.02947845804988674
1 0.3011621315192744 0.9081632653061225 0.06094104308390019 0.03401360544217681
1 0.054563492063492064 0.9138321995464852 0.07511337868480726 0.02267573696145121
0 0.5739795918367347 0.6281179138321995 0.06519274376417229 0.08616780045351476
0 0.679563492063492 0.6394557823129251 0.07511337868480723 0.08616780045351476
0 0.5690192743764172 0.7891156462585033 0.0807823129251701 0.10430839002267575
0 0.6802721088435374 0.7834467120181406 0.07086167800453523 0.111111111111111
1 0.6760204081632654 0.7063492063492063 0.09920634920634917 0.04761904761904759
1 0.5640589569160998 0.7018140589569161 0.09920634920634931 0.052154195011337945
1 0.560515873015873 0.8639455782312925 0.09212018140589578 0.054421768707482984
1 0.6724773242630385 0.8752834467120181 0.10345804988662138 0.054421768707482984
1 0.5520124716553287 0.909297052154195 0.09495464852607718 0.03174603174603163
1 0.6094104308390023 0.5204081632653061 0.1785714285714286 0.08390022675736965
1 0.3592687074829932 0.5272108843537415 0.17148526077097506 0.07936507936507936
1 0.12755102040816327 0.5306122448979592 0.20975056689342406 0.07709750566893434
1 0.06944444444444443 0.39682539682539686 0.08786848072562357 0.0408163265306122
1 0.16510770975056688 0.39115646258503406 0.07794784580498866 0.052154195011337875
1 0.08574263038548752 0.4331065759637188 0.13180272108843538 0.02721088435374156
1 0.3153344671201814 0.37641723356009066 0.08645124716553287 0.0498866213151927
1 0.4301303854875283 0.3786848072562358 0.10345804988662125 0.0498866213151927
0 0.4301303854875283 0.2981859410430839 0.07227891156462583 0.07029478458049883
0 0.32242063492063494 0.2981859410430839 0.06944444444444446 0.06575963718820858
1 0.30257936507936506 0.42063492063492064 0.05810657596371883 0.029478458049886597
1 0.0467687074829932 0.20748299319727892 0.04818594104308391 0.04308390022675738
1 0.1792800453514739 0.20975056689342406 0.10345804988662129 0.03401360544217688
1 0.32242063492063494 0.21541950113378683 0.09778911564625851 0.04535147392290245
1 0.43083900226757366 0.2108843537414966 0.10770975056689344 0.03628117913832199
0 0.5704365079365079 0.30612244897959184 0.0779478458049887 0.10430839002267579
0 0.6781462585034014 0.30839002267573695 0.07794784580498863 0.10430839002267572
1 0.5491780045351473 0.3673469387755102 0.06377551020408162 0.022675736961451278
1 0.6448412698412699 0.3673469387755102 0.05668934240362816 0.027210884353741492
1 0.5491780045351473 0.41950113378684806 0.06377551020408162 0.022675736961451278
0 0.9219104308390023 0.31746031746031744 0.09778911564625843 0.20408163265306117
1 0.822704081632653 0.2505668934240363 0.10629251700680271 0.1337868480725623
1 0.8276643990929705 0.4399092970521542 0.08219954648526069 0.022675736961451278
1 0.8687641723356009 0.5272108843537415 0.20975056689342408 0.07029478458049894
0 0.8134920634920634 0.629251700680272 0.048185941043084025 0.111111111111111
0 0.923327664399093 0.626984126984127 0.05243764172335602 0.07936507936507922
0 0.923327664399093 0.7959183673469389 0.06377551020408162 0.06802721088435376
0 0.8170351473922902 0.7857142857142857 0.0836167800453515 0.04761904761904759
1 0.8170351473922902 0.7074829931972789 0.10629251700680271 0.040816326530612346
1 0.9204931972789114 0.7074829931972789 0.09495464852607696 0.045351473922902556
1 0.921201814058957 0.8673469387755103 0.10204081632653057 0.04308390022675738
1 0.8085317460317459 0.8571428571428572 0.08645124716553283 0.0408163265306122
1 0.794359410430839 0.909297052154195 0.05527210884353735 0.04535147392290242
1 0.5449263038548753 0.20634920634920634 0.05810657596371883 0.03174603174603174
1 0.6575963718820862 0.2052154195011338 0.05952380952380956 0.029478458049886632
1 0.7575113378684807 0.1473922902494331 0.038265306122448946 0.054421768707482984
1 0.8262471655328798 0.1417233560090703 0.08503401360544217 0.052154195011337875
1 0.9020691609977324 0.14852607709750568 0.05243764172335602 0.05668934240362813
1 0.05527210884353742 0.15986394557823128 0.08219954648526079 0.04308390022675738
