1 0.19215838509316768 0.2877846790890269 0.07919254658385093 0.04968944099378888
1 0.21545031055900615 0.3364389233954451 0.10947204968944096 0.03519668737060048
1 0.35461956521739124 0.4358178053830228 0.3854813664596273 0.07246376811594203
1 0.3773291925465838 0.531055900621118 0.4262422360248448 0.08488612836438925
1 0.36568322981366463 0.6532091097308488 0.4076086956521739 0.0973084886128364
1 0.3651009316770186 0.8157349896480333 0.4134316770186335 0.1946169772256728
1 0.7051630434782608 0.489648033126294 0.18051242236024848 0.10144927536231883
1 0.6999223602484471 0.37991718426501037 0.17934782608695657 0.0890269151138716
1 0.7045807453416149 0.2681159420289855 0.19099378881987575 0.08488612836438922
1 0.701669254658385 0.17184265010351965 0.17585403726708074 0.0745341614906832
1 0.6515916149068324 0.7267080745341614 0.10364906832298132 0.024844720496894297
1 0.05473694024181 0.10869565217391304 0.03260869565217391 0.051759834368530024
1 0.08559782608695653 0.11076604554865424 0.02678571428571428 0.04761904761904763
1 0.11587732919254658 0.10248447204968945 0.02212732919254659 0.05175983436853003
1 0.15372670807453415 0.10766045548654243 0.04425465838509318 0.03726708074534162
1 0.19739906832298132 0.10144927536231885 0.03377329192546586 0.049689440993788817
1 0.25271739130434784 0.10455486542443065 0.0605590062111801 0.055900621118012424
1 0.30221273291925466 0.10766045548654243 0.029114906832298146 0.05383022774327122
1 0.3388975155279503 0.10559006211180126 0.03726708074534159 0.04554865424430643
1 0.38315217391304346 0.10766045548654243 0.04192546583850934 0.04140786749482404
1 0.4221661490683229 0.11387163561076605 0.029114906832298074 0.041407867494824016
1 0.4594332298136645 0.11076604554865427 0.04309006211180126 0.03519668737060042
1 0.5141708566032916 0.10662525879917183 0.057068421281117734 0.039337474120082844
1 0.5683229813664596 0.11283643892339544 0.04891304347826086 0.04347826086956523
1 0.6131599378881987 0.11180124223602483 0.03843167701863358 0.0372670807453416
1 0.654503105590062 0.10973084886128365 0.03726708074534159 0.03312629399585921
1 0.6929343249101511 0.10869565217391304 0.03027950310559021 0.04347826086956523
1 0.7249611801242236 0.10662525879917183 0.022127329192546626 0.03519668737060042
0 0.09899068322981364 0.48033126293995865 0.10714285714285712 0.6832298136645963
0 0.6999223602484471 0.6190476190476191 0.1863354037267081 0.10766045548654248
0 0.7005046583850931 0.8530020703933746 0.19448757763975158 0.16563146997929593
0 0.8658773291925465 0.46790890269151136 0.09899068322981364 0.6666666666666665
0 0.8402562111801243 0.10351966873706005 0.06405279503105575 0.03312629399585921
0 0.9072204968944098 0.10559006211180125 0.03493788819875775 0.03726708074534162
