0 0.10888975155279504 0.4285714285714286 0.08035714285714285 0.6873706004140787
0 0.8478260869565216 0.4233954451345756 0.07686335403726716 0.6770186335403727
0 0.7750388198757764 0.2122153209109731 0.04309006211180119 0.05590062111801242
0 0.7732919254658384 0.29917184265010355 0.04192546583850927 0.04347826086956523
0 0.7732919254658384 0.37991718426501037 0.04192546583850927 0.06004140786749481
0 0.7727096273291926 0.4720496894409938 0.04076086956521735 0.057971014492753666
0 0.7721273291925465 0.5797101449275363 0.03726708074534159 0.05383022774327117
0 0.7686335403726707 0.6697722567287785 0.03493788819875775 0.06004140786749481
0 0.7732919254658384 0.7515527950310559 0.03959627329192543 0.041407867494824016
0 0.7721273291925465 0.865424430641822 0.03726708074534159 0.05797101449275374
0 0.2579580745341615 0.2360248447204969 0.19681677018633537 0.21118012422360252
1 0.46933229813664595 0.26811594202898553 0.20496894409937888 0.2877846790890269
1 0.2329192546583851 0.4192546583850931 0.14208074534161486 0.047619047619047665
1 0.37325310559006203 0.5414078674948241 0.4320652173913042 0.13871635610766042
1 0.22010869565217392 0.6521739130434783 0.13509316770186333 0.041407867494824016
1 0.36859472049689435 0.8095238095238095 0.42041925465838503 0.2484472049689441
1 0.6766304347826086 0.21532091097308487 0.1444099378881986 0.06211180124223606
1 0.674301242236025 0.2981366459627329 0.13975155279503107 0.049689440993788844
1 0.6748835403726707 0.3871635610766046 0.14790372670807442 0.07453416149068325
1 0.6725543478260869 0.48343685300207034 0.14091614906832298 0.08488612836438918
1 0.6789596273291925 0.5869565217391305 0.139751552795031 0.07246376811594196
1 0.671389751552795 0.6728778467908902 0.1339285714285713 0.06625258799171839
1 0.6748835403726707 0.7650103519668738 0.12927018633540371 0.08074534161490689
1 0.6690605590062111 0.8674948240165631 0.12694099378881987 0.057971014492753596
1 0.4163431677018633 0.10766045548654243 0.3598602484472049 0.028985507246376815
1 0.20671583850931674 0.10248447204968944 0.05473602484472046 0.03933747412008282
