0 0.2784863945578231 0.5578231292517007 0.2508503401360544 0.507936507936508
1 0.6370464852607709 0.17687074829931973 0.2565192743764172 0.06802721088435376
1 0.5555555555555556 0.2222222222222222 0.09920634920634917 0.018140589569160995
1 0.5874433106575964 0.2471655328798186 0.15447845804988652 0.022675736961451278
1 0.5789399092970521 0.2709750566893424 0.11763038548752838 0.020408163265306135
1 0.5548469387755103 0.3526077097505669 0.08645124716553283 0.04308390022675745
1 0.5541383219954649 0.3956916099773242 0.09920634920634919 0.024943310657596314
1 0.6398809523809524 0.43197278911564624 0.26785714285714285 0.04308390022675745
1 0.6349206349206349 0.5124716553287982 0.22959183673469383 0.09977324263038553
0 0.024092970521541947 0.2029478458049887 0.01984126984126984 0.04761904761904763
0 0.029053287981859414 0.2687074829931973 0.024092970521541954 0.04761904761904763
0 0.024092970521541954 0.35600907029478457 0.022675736961451247 0.04988662131519277
0 0.026218820861678004 0.42403628117913833 0.029761904761904764 0.05895691609977334
0 0.025510204081632654 0.48639455782312924 0.022675736961451243 0.056689342403628086
0 0.026218820861678004 0.5555555555555556 0.021258503401360544 0.054421768707483054
0 0.025510204081632654 0.6224489795918368 0.025510204081632654 0.05668934240362802
1 0.5470521541950113 0.6485260770975055 0.05952380952380949 0.027210884353741492
1 0.5654761904761905 0.6961451247165533 0.09920634920634931 0.06349206349206354
1 0.5371315192743764 0.7403628117913833 0.053854875283446686 0.024943310657596383
1 0.6568877551020408 0.645124716553288 0.06660997732426303 0.04308390022675731
1 0.6710600907029479 0.7029478458049886 0.08928571428571423 0.05895691609977334
1 0.6476757369614512 0.7448979591836735 0.03684807256235828 0.02040816326530603
1 0.5569727891156462 0.6031746031746031 0.03968253968253961 0.027210884353741492
1 0.8581349206349206 0.17573696145124715 0.11479591836734698 0.06122448979591834
1 0.8496315192743765 0.2414965986394558 0.09778911564625858 0.05215419501133784
1 0.8772675736961452 0.32539682539682535 0.15589569160997727 0.09297052154195015
1 0.8801020408163265 0.4047619047619048 0.12471655328798179 0.052154195011337875
1 0.8269557823129251 0.4580498866213152 0.05243764172335602 0.027210884353741492
1 0.8786848072562359 0.4931972789115646 0.15873015873015872 0.047619047619047665
1 0.8886054421768708 0.536281179138322 0.07653061224489804 0.029478458049886528
1 0.8886054421768708 0.5827664399092971 0.05952380952380963 0.03174603174603177
1 0.8659297052154195 0.626984126984127 0.09353741496598644 0.024943310657596383
1 0.8616780045351473 0.6575963718820862 0.08503401360544231 0.03174603174603163
1 0.8354591836734693 0.746031746031746 0.0892857142857143 0.02267573696145121
1 0.8864795918367346 0.8537414965986394 0.16298185941043072 0.07029478458049894
1 0.5428004535147392 0.854875283446712 0.05385487528344676 0.040816326530612346
1 0.6044501133786848 0.8480725623582767 0.05243764172335595 0.02267573696145121
1 0.6660997732426304 0.8526077097505669 0.05102040816326522 0.03628117913832199
1 0.7312925170068028 0.8503401360544217 0.048185941043084025 0.0408163265306122
1 0.5449263038548753 0.9126984126984127 0.06944444444444443 0.03854875283446702
1 0.6335034013605442 0.2970521541950113 0.08219954648526077 0.022675736961451243
