1 0.0646067415730337 0.1558052434456929 0.06853932584269662 0.023970037453183525
1 0.04719101123595506 0.18876404494382024 0.02471910112359551 0.029962546816479405
1 0.0747191011235955 0.22372034956304618 0.08876404494382023 0.023970037453183542
1 0.05 0.2556803995006242 0.03707865168539326 0.023970037453183508
1 0.05674157303370785 0.28963795255930086 0.050561797752808973 0.01997503121098628
1 0.049438202247191004 0.3245942571785269 0.03146067415730337 0.01797752808988765
1 0.05393258426966293 0.35655430711610486 0.0404494382022472 0.017977528089887614
1 0.04606741573033707 0.38851435705368287 0.031460674157303366 0.017977528089887684
1 0.05617977528089888 0.4234706616729089 0.04719101123595506 0.027965043695380772
1 0.05955056179775281 0.4564294631710362 0.058426966292134834 0.02596754057428214
1 0.060674157303370786 0.49138576779026216 0.06516853932584268 0.02796504369538084
1 0.27808988764044945 0.11485642946317104 0.13820224719101126 0.03795255930087389
1 0.6792134831460674 0.16179775280898878 0.03258426966292134 0.019975031210986264
1 0.7252808988764045 0.15980024968789014 0.04831460674157313 0.023970037453183525
1 0.7814606741573032 0.16079900124843946 0.04831460674157299 0.025967540574282157
1 0.8224719101123594 0.15880149812734082 0.026966292134831493 0.02596754057428214
1 0.22921348314606738 0.15980024968789014 0.031460674157303394 0.023970037453183525
1 0.26067415730337085 0.15880149812734082 0.024719101123595523 0.029962546816479384
1 0.29213483146067415 0.1947565543071161 0.1438202247191011 0.02596754057428214
1 0.5151685393258427 0.2526841448189763 0.5741573033707865 0.049937578027465686
1 0.42134831460674155 0.41348314606741576 0.42247191011235957 0.25967540574282155
1 0.4213483146067415 0.7340823970037453 0.41573033707865165 0.36154806491885133
1 0.7387640449438202 0.8489463077520142 0.2033707865168539 0.17178526841448202
0 0.7398876404494382 0.5413233458177278 0.1966292134831461 0.41947565543071164
1 0.7410112359550561 0.31161048689138576 0.07752808988764044 0.03595505617977523
