1 0.0651685393258427 0.12684144818976278 0.08539325842696628 0.029962546816479384
1 0.08258426966292134 0.22971285892634208 0.11123595505617978 0.03196004993757803
1 0.09887640449438201 0.3515605493133583 0.14157303370786514 0.027965043695380772
1 0.08651685393258425 0.516354556803995 0.11235955056179775 0.025967540574282067
1 0.0949438202247191 0.5802746566791511 0.12471910112359551 0.02996254681647933
1 0.06123595505617978 0.818976279650437 0.07078651685393259 0.03995006242197263
1 0.05393258426966293 0.6481897627965043 0.04494382022471911 0.021972534332084733
1 0.05955056179775282 0.7191011235955057 0.06516853932584271 0.02397003745318344
1 0.1095505617977528 0.2796504369538077 0.16067415730337078 0.04794007490636705
0 0.896067415730337 0.26866416978776525 0.10898876404494373 0.2896379525593008
1 0.8949438202247191 0.4534332084893883 0.12022471910112359 0.08389513108614231
1 0.25112359550561797 0.10686791323579609 0.07977528089887637 0.03395755305867665
1 0.5101123595505618 0.18077403245942572 0.6 0.10187265917602994
1 0.5202247191011236 0.30262172284644195 0.6089887640449438 0.12983770287141072
1 0.5196629213483146 0.45742821473158557 0.6078651685393259 0.15980024968789017
1 0.5853932584269663 0.5682896379525593 0.755056179775281 0.04993757802746565
1 0.5882022471910112 0.631210986267166 0.744943820224719 0.05992509363295881
1 0.5893258426966292 0.708114856429463 0.7584269662921349 0.09388264669163547
1 0.5870786516853933 0.8669163545568039 0.7471910112359551 0.18377028714107368
