0 0.31348314606741573 0.3545568039950062 0.22471910112359553 0.22571785268414485
0 0.5157303370786517 0.3585518102372035 0.17528089887640455 0.20973782771535582
0 0.6932584269662923 0.36154806491885144 0.16629213483146074 0.21972534332084895
0 0.8657303370786517 0.35555555555555557 0.17415730337078641 0.2117353308364544
1 0.5185393258426967 0.4883895131086142 0.09101123595505627 0.03395755305867667
1 0.6910112359550561 0.4913857677902621 0.08089887640449447 0.03196004993757803
1 0.8668539325842696 0.4873907615480649 0.11797752808988761 0.03995006242197249
1 0.5865168539325843 0.24769038701622967 0.12808988764044935 0.03995006242197253
1 0.5870786516853933 0.15580524344569288 0.7426966292134832 0.12784019975031213
1 0.23764044943820223 0.5383270911360799 0.05056179775280896 0.045942571785268456
1 0.5887640449438202 0.6302122347066167 0.755056179775281 0.12184769038701625
1 0.2915730337078652 0.7300873907615479 0.1606741573033708 0.029962546816479543
1 0.500561797752809 0.7950062421972536 0.5853932584269663 0.08789013732833965
1 0.49719101123595505 0.8988764044943821 0.5786516853932585 0.09588014981273403
0 0.8803370786516854 0.8569288389513108 0.15617977528089896 0.17578027465667914
1 0.06235955056179774 0.12384519350811483 0.07303370786516854 0.047940074906367036
1 0.06404494382022471 0.23270911360799001 0.0741573033707865 0.03395755305867667
1 0.058426966292134834 0.39550561797752803 0.05617977528089888 0.027965043695380772
1 0.09101123595505617 0.6621722846441946 0.13258426966292133 0.04194756554307119
1 0.06573033707865168 0.8 0.07078651685393257 0.03795255930087393
1 0.06348314606741573 0.4993757802746566 0.07078651685393257 0.03196004993757803
