0 0.24694104560622918 0.4825114324558152 0.27363737486095663 0.48646644419725626
1 0.6635150166852057 0.2887158571252008 0.5194660734149055 0.09096527005314549
1 0.5038932146829811 0.35397355085897914 0.20244716351501674 0.03955011741441112
1 0.46941045606229137 0.4123099740452355 0.12458286985539495 0.06130268199233718
1 0.5022246941045606 0.46471387961933014 0.19466073414905444 0.023730070448646643
1 0.44438264738598443 0.49437646768013843 0.08120133481646277 0.027685082190087796
1 0.6218020022246941 0.6051167964404894 0.4360400444938821 0.1779755283648498
1 0.4276974416017798 0.7237671486837226 0.05005561735261402 0.035595105672969966
1 0.5939933259176863 0.7237671486837226 0.23804226918798654 0.035595105672969966
1 0.53559510567297 0.7603510072920528 0.12124582869855388 0.029662588060808303
1 0.49332591768631817 0.8967989123717711 0.1857619577308119 0.0889877641824249
1 0.7597330367074526 0.8651588184402422 0.20022246941045607 0.03757261154369047
1 0.2452725250278087 0.7821035718699789 0.30812013348164624 0.07316771721666057
1 0.7408231368186875 0.11865035224323321 0.3003337041156841 0.05537016438017551
