1 0.6259720062208397 0.35666148263348885 0.31881804043545875 0.24883359253499227
1 0.5349922239502333 0.5446690858821497 0.12441679626749619 0.05529635389666496
1 0.5287713841368585 0.5985686980247373 0.13996889580093316 0.06912044237083116
1 0.6236391912908242 0.7810609987903923 0.31415241057542764 0.22947986867115944
1 0.8413685847589424 0.25021600138240885 0.09642301710730948 0.06912044237083116
1 0.8888024883359253 0.33869016761707277 0.17884914463452575 0.09123898392949716
1 0.8678071539657853 0.41195783653015383 0.15552099533437017 0.04423708311733193
1 0.8693623639191291 0.4921375496803179 0.15552099533437003 0.09953343701399689
1 0.8856920684292379 0.5861341848513181 0.18506998444790057 0.08847416623466386
1 0.8662519440124415 0.6649386556073957 0.1399688958009331 0.030412994643165662
1 0.8794712286158631 0.7285294625885607 0.18195956454121315 0.06359080698116472
1 0.8856920684292378 0.8045308945653769 0.10730948678071542 0.11059270779332991
0 0.24183514774494558 0.6105927077933299 0.4059097978227061 0.7788145844133402
