1 0.7397780412521362 0.14963503649635038 0.41055744697762536 0.06204379562043798
1 0.34858651158477616 0.18521897810218982 0.34084014466067003 0.02737226277372262
1 0.5228495146623828 0.22080291970802896 0.6842019061998126 0.032846715328466905
1 0.544781052799893 0.2791970802919709 0.6611314872311225 0.08759124087591254
1 0.48931217737270427 0.2445255474452555 0.007746366924106169 0.00364963503649637
1 0.5073677818013639 0.3531021897810222 0.6532384404777746 0.05291970802919712
1 0.44412503698208516 0.4041970802919708 0.5938881308481372 0.02737226277372258
1 0.5138423392990404 0.45072992700729925 0.6920087785534816 0.05474452554744531
1 0.39893789659146606 0.5045620437956204 0.4105574469776252 0.027372262773722723
1 0.5744708755976362 0.544708029197079 0.7360075336705522 0.04562043795620423
1 0.5305894643439598 0.6085766423357671 0.6585145284636433 0.0894160583941605
1 0.5357482084664333 0.6943430656934306 0.7153322202276138 0.07846715328467148
1 0.49834960545082807 0.770985401459854 0.7333227354820475 0.07846715328467155
