1 0.5330876206764255 0.28628230616302186 0.23911581930077133 0.023856858846918457
1 0.5218351115328597 0.3359840954274354 0.5316810570334797 0.0755467196819086
1 0.40509032916836546 0.4900596421471172 0.3882115654530168 0.12524850894632203
1 0.431815038384334 0.6242544731610338 0.329135892449297 0.1351888667992047
1 0.544340129819991 0.7087475149105367 0.554186075320611 0.029821073558648124
1 0.5485598207488281 0.7485089463220675 0.5682517117500683 0.0377733598409543
1 0.5499663843917739 0.7992047713717695 0.5654385844641767 0.05964214711729625
1 0.711721203330531 0.44035785288270374 0.16878763715348555 0.021868787276341946
1 0.7145343306164225 0.46421471172962225 0.2025451645841828 0.013916500994035772
1 0.7032818214728568 0.4831013916500994 0.19129265544061702 0.01988071570576544
1 0.7004686941869653 0.5089463220675944 0.18566640086883418 0.01988071570576537
1 0.6990621305440196 0.5318091451292247 0.18285327358294276 0.02186878727634202
1 0.6807768031857253 0.558648111332008 0.1406563642945713 0.01590457256461228
1 0.6399864575402997 0.5795228628230616 0.05907567300371994 0.021868787276341877
1 0.7089080760446396 0.6083499005964215 0.1912926554406171 0.01590457256461228
1 0.6751505486139425 0.6341948310139165 0.12940385515100558 0.031809145129224635
1 0.6512389666838654 0.6640159045725647 0.08720694586263428 0.023856858846918384
