0 0.25449438202247193 0.5273408239700375 0.2707865168539326 0.6192259675405742
1 0.4780898876404494 0.28564294631710363 0.13820224719101126 0.051935081148564245
1 0.48146067415730337 0.34357053682896377 0.15393258426966297 0.03995006242197256
1 0.4769662921348315 0.38451935081148564 0.15168539325842695 0.02596754057428221
1 0.44438202247191017 0.4184769038701623 0.07977528089887649 0.03395755305867667
1 0.6241573033707866 0.5273408239700375 0.4348314606741573 0.17578027465667914
1 0.4735955056179775 0.6741573033707864 0.13820224719101126 0.08189762796504362
1 0.7921348314606742 0.650187265917603 0.20224719101123584 0.025967540574281998
1 0.45955056179775283 0.7730337078651687 0.1123595505617977 0.031960049937577964
1 0.41910112359550566 0.8759051186017479 0.04044943820224724 0.02596754057428214
0 0.5219101123595505 0.8998751560549313 0.11797752808988761 0.08988764044943821
1 0.746067415730337 0.12184769038701625 0.298876404494382 0.047940074906367036
