1 0.4664208074534161 0.32091097308488614 0.20147515527950305 0.17391304347826092
1 0.22069099378881987 0.650103519668737 0.12461180124223599 0.09109730848861282
1 0.25970496894409933 0.7629399585921326 0.20496894409937888 0.0890269151138716
1 0.2602872670807453 0.8561076604554866 0.19448757763975152 0.08074534161490675
1 0.48156055900621114 0.8892339544513459 0.22476708074534157 0.08074534161490689
1 0.47282608695652173 0.4958592132505176 0.21894409937888193 0.1594202898550725
0 0.2532996894409938 0.35507246376811596 0.19914596273291924 0.27536231884057977
0 0.20205745341614909 0.18115942028985507 0.0733695652173913 0.0393374741200828
0 0.6987577639751552 0.3861283643892339 0.22127329192546574 0.32091097308488614
0 0.6975931677018633 0.6884057971014493 0.2212732919254659 0.25051759834368525
