1 0.06404494382022471 0.12883895131086143 0.07640449438202247 0.029962546816479422
1 0.060674157303370786 0.20374531835205992 0.060674157303370786 0.10387016229712857
1 0.07528089887640449 0.33058676654182273 0.08089887640449439 0.08988764044943817
1 0.08314606741573033 0.44744069912609236 0.09662921348314607 0.12784019975031208
1 0.06853932584269662 0.5792759051186017 0.0741573033707865 0.12784019975031213
1 0.07808988764044944 0.6621722846441946 0.09101123595505617 0.03795255930087379
1 0.09157303370786515 0.7950062421972536 0.13146067415730336 0.22372034956304632
1 0.25617977528089886 0.15380774032459427 0.08314606741573033 0.03595505617977526
1 0.5140449438202247 0.2257178526841448 0.6078651685393258 0.10786516853932586
1 0.3089887640449438 0.31660424469413234 0.17977528089887637 0.03795255930087396
1 0.5022471910112359 0.38052434456928835 0.5842696629213484 0.08189762796504368
1 0.5865168539325843 0.5193493152286234 0.4224719101123596 0.18776529338327094
1 0.6674157303370787 0.6731585518102372 0.5865168539325842 0.09987515605493144
1 0.5910112359550562 0.8149812734082397 0.7617977528089888 0.18377028714107368
0 0.2915730337078652 0.5363295880149812 0.15393258426966291 0.20973782771535576
0 0.8932584269662921 0.17378277153558053 0.1213483146067415 0.16379525593008737
0 0.8808988764044944 0.4534332084893883 0.15730337078651688 0.21573033707865172
