1 0.4186723602484472 0.2028985507246377 0.2946428571428571 0.09523809523809527
1 0.42041925465838503 0.37888198757763975 0.2934782608695652 0.08281573498964803
1 0.4262422360248447 0.5683229813664596 0.29580745341614906 0.07660455486542439
1 0.422166149068323 0.7505175983436854 0.28066770186335405 0.0766045548654246
1 0.43090062111801236 0.9202898550724637 0.30978260869565216 0.035196687370600444
1 0.4268245341614906 0.8115942028985507 0.3086180124223602 0.02898550724637673
1 0.4204192546583851 0.6273291925465838 0.2841614906832298 0.028985507246376798
1 0.42391304347826086 0.4389233954451346 0.29580745341614906 0.028985507246376798
1 0.6661490683229814 0.20496894409937888 0.15605590062111807 0.14078674948240166
1 0.6603260869565216 0.3498964803312629 0.15838509316770186 0.09937888198757762
1 0.6649844720496894 0.4596273291925466 0.14906832298136635 0.07039337474120082
1 0.6649844720496894 0.5641821946169773 0.1467391304347825 0.08074534161490675
1 0.6644021739130435 0.6821946169772256 0.14790372670807442 0.08074534161490675
1 0.655667701863354 0.7939958592132504 0.13975155279503107 0.09316770186335405
1 0.6615186028410435 0.8985507246376799 0.15145335475041038 0.07867494824016799
0 0.21486801242236023 0.2339544513457557 0.10830745341614907 0.13250517598343683
0 0.21253881987577636 0.422360248447205 0.10131987577639745 0.1366459627329192
0 0.2131211180124224 0.6097308488612836 0.10248447204968944 0.13871635610766042
0 0.2131211180124224 0.7908902691511386 0.10248447204968944 0.13664596273291935
0 0.2142969279000607 0.9233954451345749 0.09784851418521484 0.03312629399586019
0 0.7750388198757764 0.17805383022774326 0.057065217391304233 0.07039337474120082
0 0.7756211180124223 0.33747412008281574 0.05590062111801245 0.06625258799171839
0 0.7750388198757764 0.4554865424430642 0.04774844720496887 0.06625258799171846
0 0.7762034161490682 0.5590062111801243 0.05473602484472053 0.07039337474120075
0 0.7773680124223601 0.6821946169772256 0.05706521739130437 0.06418219461697731
0 0.7762034161490682 0.7763975155279503 0.05473602484472053 0.07867494824016574
0 0.7767857142857142 0.8985507246376812 0.05357142857142861 0.07039337474120089
