1 0.5645412130637637 0.2875410402626577 0.3701399688958009 0.1769483324693278
1 0.5489891135303266 0.4243995161569034 0.3514774494556766 0.0801797131501641
1 0.474339035769829 0.5640228097459824 0.20839813374805607 0.14377052013132882
1 0.5349922239502333 0.6925868325557283 0.3234836702954899 0.05806117159149807
1 0.505443234836703 0.8626231207879731 0.25816485225505437 0.22118541558665983
1 0.8771384136858476 0.25989286331432526 0.18040435458786944 0.07741489545533095
1 0.8569206842923794 0.3953880409033684 0.12130637636080879 0.027648176948332406
1 0.8771384136858476 0.5114912735441507 0.16174183514774498 0.17141869707966137
1 0.8786936236391912 0.7133229652669777 0.17107309486780709 0.08847416623466402
1 0.8872472783825817 0.8792120269569724 0.18195956454121315 0.21012614480732694
0 0.2021772939346812 0.5529635389666494 0.26127527216174184 0.6414377052013133
