1 0.547191011235955 0.22471910112359553 0.2921348314606741 0.0619225967540574
1 0.47022471910112357 0.2916354556803995 0.13370786516853933 0.06392009987515604
1 0.5286516853932585 0.35255930087390763 0.25280898876404495 0.04993757802746565
1 0.4196629213483146 0.42446941323345816 0.028089887640449476 0.02596754057428214
1 0.4174157303370787 0.5563046192259675 0.02584269662921358 0.021972534332084875
1 0.5426966292134832 0.56729088639201 0.1438202247191011 0.05193508114856435
1 0.497752808988764 0.6082397003745318 0.19325842696629209 0.02996254681647933
1 0.4460674157303371 0.6571785268414482 0.07865168539325836 0.02397003745318358
1 0.6191011235955056 0.7640449438202248 0.44044943820224725 0.17378277153558058
1 0.7983146067415732 0.8918851435705369 0.2033707865168539 0.029962546816479543
1 0.7382022471910112 0.1128589263420724 0.3213483146067415 0.05792759051186016
1 0.2258426966292135 0.8868913857677901 0.3370786516853933 0.08789013732833965
0 0.251685393258427 0.49637952559300863 0.28539325842696633 0.6611735330836452
0 0.5730337078651685 0.46541822721598003 0.22471910112359544 0.11585518102372035
