1 0.06853932584269662 0.133832709113608 0.08314606741573033 0.03595505617977528
1 0.054494382022471914 0.200749063670412 0.050561797752808994 0.03795255930087389
1 0.0797752808988764 0.299625468164794 0.09438202247191012 0.03196004993757807
1 0.050561797752808994 0.3635455680399501 0.058426966292134834 0.0359550561797753
1 0.06404494382022471 0.4694132334581773 0.06741573033707864 0.04394506866416975
1 0.24325842696629213 0.12284644194756554 0.052808988764044926 0.03395755305867667
1 0.501685393258427 0.21672908863920098 0.5831460674157303 0.12983770287141072
1 0.504494382022472 0.3495630461922597 0.5887640449438203 0.12784019975031202
1 0.5028089887640449 0.47640449438202254 0.5876404494382023 0.11385767790262172
1 0.21348314606741575 0.5423220973782772 0.004494382022471904 0.005992509363295895
1 0.504494382022472 0.6042446941323346 0.5752808988764044 0.12184769038701618
1 0.5033707865168539 0.7151061173533083 0.5797752808988764 0.07990012484394513
1 0.5848314606741574 0.8589263420724095 0.7539325842696628 0.20774032459425726
1 0.8808988764044944 0.6571785268414482 0.15955056179775284 0.2596754057428214
0 0.8814606741573033 0.3325842696629213 0.151685393258427 0.36154806491885144
