1 0.6181959564541213 0.28892344911007434 0.3219284603421461 0.2847762225678245
1 0.5482115085536547 0.470019008121652 0.18506998444790043 0.05529635389666496
1 0.5870917573872473 0.6317608432693969 0.26594090202177284 0.0801797131501641
1 0.5800933125972006 0.74926559529981 0.25194401244167963 0.1050630724036634
1 0.5878693623639191 0.9147226542249871 0.2674961119751165 0.17055469155002584
1 0.8748055987558321 0.190772420943494 0.16640746500777595 0.06082598928633143
1 0.8841368584758943 0.3013651287368239 0.18506998444790043 0.14930015552099532
1 0.8569206842923794 0.4036442729034399 0.13374805598755843 0.05529635389666496
1 0.8763608087091758 0.5018215780655645 0.16951788491446337 0.10782789009849665
1 0.8475894245723172 0.6013478486262313 0.10886469673405913 0.03594263003283217
1 0.8833592534992224 0.6925868325557283 0.18662519440124428 0.1133575254881631
0 0.24805598755832034 0.5902885778468983 0.3779160186625194 0.7879730430274755
