1 0.07640449438202246 0.18476903870162295 0.10337078651685391 0.14581772784019972
1 0.08370786516853933 0.3645443196004994 0.1359550561797753 0.22571785268414477
1 0.09101123595505617 0.5802746566791511 0.14606741573033705 0.19375780274656684
1 0.10337078651685394 0.7960049937578028 0.15056179775280898 0.22571785268414488
1 0.5078651685393258 0.23670411985018724 0.5842696629213484 0.25767790262172285
1 0.501685393258427 0.4114856429463171 0.5831460674157303 0.06392009987515607
0 0.8769662921348313 0.22072409488139827 0.14719101123595507 0.22172284644194754
1 0.4129213483146067 0.47440699126092384 0.41235955056179774 0.04993757802746572
1 0.5848314606741574 0.5882646691635456 0.749438202247191 0.15780274656679155
1 0.4426966292134832 0.7151061173533084 0.4606741573033709 0.08389513108614238
1 0.4528089887640449 0.8419475655430712 0.48089887640449436 0.15780274656679155
0 0.7797752808988764 0.7920099875156055 0.16853932584269657 0.20973782771535582
0 0.9106741573033708 0.7880149812734083 0.09325842696629223 0.20574282147315856
