1 0.06629213483146067 0.1278401997503121 0.0741573033707865 0.023970037453183525
1 0.08764044943820223 0.26566791510611737 0.1101123595505618 0.03595505617977526
1 0.07640449438202247 0.40049937578027467 0.09213483146067417 0.03395755305867667
1 0.06404494382022471 0.468414481897628 0.0696629213483146 0.03395755305867659
1 0.2786516853932584 0.13882646691635459 0.12359550561797754 0.03795255930087391
1 0.5067415730337079 0.29463171036204744 0.5842696629213484 0.2177278401997503
1 0.5084269662921348 0.44644194756554306 0.5898876404494382 0.07790262172284641
1 0.5 0.5573033707865168 0.5797752808988764 0.1358302122347066
1 0.5848314606741573 0.6861423220973782 0.7516853932584269 0.11385767790262172
0 0.8893258426966293 0.264669163545568 0.1719101123595506 0.2097378277153558
1 0.8808988764044944 0.49438202247191015 0.14606741573033702 0.23370786516853934
1 0.3578651685393258 0.17278401997503123 0.252808988764045 0.01797752808988765
1 0.05168539325842697 0.1957553058676654 0.04494382022471911 0.031960049937578
