1 0.5404354587869362 0.24328484660311156 0.36547433903576976 0.09953343701399685
1 0.4206842923794713 0.31380680836357355 0.11664074650077758 0.030412994643165697
1 0.44867807153965783 0.3497494383964057 0.17884914463452561 0.03594263003283217
1 0.42690513219284604 0.4423708311733195 0.1384136858475894 0.05529635389666488
1 0.39813374805598756 0.48106872362987785 0.09642301710730948 0.022118541558665966
1 0.4774494556765164 0.5377570416450665 0.23950233281493005 0.06359080698116472
1 0.4883359253499222 0.7022636944876447 0.27371695178849137 0.22118541558665966
1 0.8468118195956454 0.2474511836875756 0.10730948678071542 0.06359080698116465
1 0.8646967340590982 0.3096595818213237 0.1524105754276826 0.05529635389666496
1 0.8623639191290823 0.37325038880248834 0.12908242612752716 0.049766718506998445
1 0.8779160186625193 0.45619491964748576 0.1695178849144635 0.09400380162433038
1 0.8452566096423016 0.5280801797131501 0.10419906687402801 0.038707447727665496
1 0.8818040435458786 0.609642301710731 0.17729393468118204 0.11335752548816316
1 0.8841368584758942 0.7465007776049768 0.18818040435458797 0.14377052013132882
0 0.1734059097978227 0.4396060134784863 0.3032659409020218 0.47554864351131854
