1 0.6119629870043849 0.1368613138686131 0.5680669077677835 0.051094890510948884
1 0.5138423392990404 0.18613138686131386 0.769472447794543 0.04379562043795619
1 0.5319080279659603 0.23631386861313872 0.8934143185802411 0.06021897810218981
1 0.5047810757486644 0.29927007299270064 0.8133685270311442 0.062043795620437964
1 0.5112657174846017 0.3677007299270073 0.8624288508838166 0.0711678832116786
1 0.490603238526722 0.41879562043795615 0.5422456846874296 0.016423357664233508
1 0.5461381198770704 0.4552919708029192 0.6170813941738167 0.04927007299270061
1 0.472510047391819 0.4908759124087591 0.5060959723749343 0.02189781021897808
1 0.45700264556068243 0.5237226277372262 0.5370814400713588 0.018248175182481674
1 0.5332027561157092 0.5748175182481753 0.6997551454775878 0.07299270072992706
0 0.5383725012253765 0.7125912408759124 0.7823830593347197 0.19160583941605844
1 0.3679395944099828 0.8366788321167883 0.3640792454329885 0.04927007299270073
