1 0.6158631415241058 0.22256782443407638 0.3172628304821151 0.14100570243649563
1 0.594090202177294 0.34005824355782877 0.29237947122861596 0.11612234318299638
1 0.516329704510109 0.447900466562986 0.12441679626749619 0.05529635389666496
1 0.5342146189735614 0.5626404008985658 0.17262830482115085 0.08017971315016417
1 0.6057542768273717 0.6967340590979783 0.30637636080870917 0.11059270779332991
1 0.614307931570762 0.8898392949714878 0.32970451010886465 0.22032141005702427
1 0.8678071539657853 0.19768446518057714 0.14930015552099532 0.06912044237083116
1 0.8724727838258164 0.3276500073799539 0.1679626749611198 0.11888716087782963
1 0.8608087091757386 0.4161050630724037 0.13219284603421458 0.04147226542249861
1 0.8771384136858476 0.5819941247623985 0.17418351477449448 0.2626576810091585
1 0.8755832037325039 0.8349749438396405 0.17107309486780722 0.19906687402799378
1 0.8304821150855365 0.9552445135648868 0.1026438569206843 0.030412994643165804
1 0.24105754276827362 0.5751322456986265 0.28304821150855347 0.8240160034069306
