0 0.23384353741496597 0.4399092970521542 0.23809523809523805 0.4761904761904762
0 0.058815192743764164 0.2256235827664399 0.029761904761904764 0.06575963718820863
0 0.057397959183673464 0.373015873015873 0.04109977324263039 0.07029478458049887
0 0.055272108843537414 0.43537414965986393 0.031179138321995467 0.04988662131519277
0 0.055272108843537414 0.5090702947845805 0.031179138321995467 0.07029478458049894
0 0.06023242630385488 0.5793650793650794 0.04393424036281179 0.05668934240362823
0 0.05952380952380953 0.6462585034013606 0.034013605442176874 0.054421768707482915
1 0.4896541950113379 0.264172335600907 0.12329931972789111 0.020408163265306135
1 0.6264172335600907 0.32539682539682535 0.1502267573696146 0.03854875283446713
1 0.744047619047619 0.3673469387755102 0.38832199546485263 0.04081632653061227
1 0.6356292517006803 0.40816326530612246 0.16581632653061212 0.02721088435374156
1 0.610827664399093 0.45578231292517 0.12755102040816324 0.07256235827664398
1 0.6051587301587301 0.526077097505669 0.11054421768707477 0.03628117913832206
1 0.7511337868480726 0.5748299319727892 0.40532879818594103 0.052154195011337875
1 0.6738945578231292 0.6167800453514739 0.24234693877551017 0.022675736961451136
1 0.6044501133786848 0.6643990929705216 0.10062358276643998 0.06349206349206347
0 0.4953231292517007 0.5884353741496597 0.08645124716553283 0.13378684807256228
0 0.49815759637188206 0.3820861678004535 0.09212018140589563 0.1337868480725624
1 0.4598922902494331 0.7630385487528344 0.06094104308390023 0.052154195011337806
1 0.5470521541950113 0.753968253968254 0.05668934240362816 0.06575963718820858
1 0.6469671201814059 0.7585034013605443 0.0609410430839003 0.061224489795918234
1 0.8737244897959183 0.7664399092970521 0.13180272108843538 0.0408163265306122
1 0.7213718820861678 0.8832199546485261 0.4846938775510203 0.10204081632653071
1 0.43438208616780044 0.8458049886621316 0.05527210884353735 0.03174603174603177
1 0.32596371882086167 0.7312925170068028 0.08219954648526073 0.04308390022675738
1 0.16439909297052155 0.7301587301587301 0.08503401360544217 0.04988662131519277
1 0.1360544217687075 0.14965986394557823 0.05385487528344671 0.0453514739229025
1 0.27494331065759636 0.14965986394557823 0.16723356009070295 0.04081632653061222
1 0.6207482993197279 0.14965986394557823 0.06519274376417236 0.027210884353741492
1 0.7277494331065759 0.1473922902494331 0.0892857142857143 0.03174603174603176
1 0.8042800453514739 0.15192743764172334 0.03543083900226748 0.027210884353741492
1 0.889314058956916 0.14965986394557823 0.038265306122448946 0.03174603174603174
