1 0.2602872670807453 0.10869565217391304 0.373835403726708 0.04761904761904763
1 0.26378380209188956 0.19254658385093165 0.37849378881987567 0.09109730848861282
1 0.26378105590062106 0.29296066252587993 0.3784937888198758 0.08488612836438925
1 0.24631211180124224 0.3633540372670808 0.3505434782608696 0.026915113871635653
1 0.265527950310559 0.4409937888198758 0.3889751552795031 0.10766045548654248
1 0.264945652173913 0.5414078674948241 0.38315217391304346 0.06418219461697731
1 0.2608695652173913 0.6076604554865425 0.3819875776397515 0.06418219461697718
1 0.2631987577639751 0.701863354037267 0.39829192546583847 0.10766045548654234
1 0.25621118012422356 0.7971014492753622 0.3680124223602484 0.057971014492753596
1 0.265527950310559 0.8840579710144928 0.3889751552795031 0.0828157349896479
0 0.7890139751552795 0.27950310559006214 0.19448757763975152 0.2070393374741201
0 0.7936723602484471 0.5952380952380952 0.20613354037267073 0.1925465838509318
0 0.7913431677018633 0.8778467908902691 0.19448757763975166 0.11594202898550719
1 0.7837732919254659 0.7474120082815735 0.17236024844720504 0.09523809523809518
1 0.7843555900621116 0.4285714285714286 0.18051242236024848 0.0828157349896481
1 0.7849378881987578 0.12629399585921322 0.17236024844720504 0.0662525879917184
