1 0.4485544217687075 0.2755102040816326 0.4606009070294785 0.17913832199546484
0 0.43438208616780044 0.5997732426303856 0.4124149659863946 0.3560090702947846
1 0.1473922902494331 0.36848072562358275 0.11621315192743763 0.07482993197278916
1 0.14526643990929705 0.5725623582766439 0.11479591836734696 0.06575963718820865
1 0.1459750566893424 0.7641723356009069 0.11337868480725623 0.06802721088435376
0 0.15235260770975056 0.2891156462585034 0.10912698412698411 0.08843537414965982
0 0.14951814058956917 0.47845804988662133 0.11763038548752833 0.09523809523809518
0 0.15235260770975056 0.6791383219954649 0.10912698412698411 0.09297052154195008
0 0.14810090702947845 0.8741496598639454 0.11196145124716553 0.09297052154195015
0 0.802154195011338 0.31405895691609975 0.20975056689342395 0.1836734693877551
0 0.7256235827664399 0.4580498866213152 0.053854875283446686 0.0498866213151927
0 0.7234977324263039 0.5226757369614512 0.0552721088435375 0.04761904761904759
0 0.7242063492063491 0.58843537414966 0.05668934240362816 0.052154195011337875
1 0.8347505668934241 0.45464852607709744 0.15022675736961433 0.052154195011337875
1 0.8255385487528345 0.5204081632653061 0.13180272108843524 0.047619047619047665
1 0.8134920634920634 0.5748299319727891 0.10487528344671204 0.029478458049886597
1 0.7993197278911565 0.6904761904761905 0.0878684807256235 0.024943310657596383
1 0.7490079365079364 0.7811791383219955 0.0807823129251699 0.03401360544217681
1 0.854591836734694 0.7834467120181406 0.09637188208616791 0.029478458049886597
1 0.3819444444444444 0.15192743764172334 0.5711451247165533 0.045351473922902466
1 0.7617630385487528 0.1950113378684807 0.13463718820861686 0.027210884353741492
1 0.1736111111111111 0.10770975056689343 0.09212018140589566 0.04308390022675738
1 0.2869897959183674 0.10657596371882086 0.05243764172335602 0.027210884353741492
1 0.3599773242630386 0.10997732426303855 0.06235827664399096 0.029478458049886615
1 0.4386337868480726 0.10657596371882086 0.0836167800453515 0.03174603174603174
1 0.5002834467120181 0.10657596371882086 0.02834467120181401 0.03628117913832199
1 0.5569727891156462 0.10770975056689341 0.07653061224489804 0.03401360544217687
1 0.6235827664399093 0.1054421768707483 0.05385487528344676 0.03854875283446711
1 0.6774376417233561 0.10657596371882086 0.053854875283446686 0.040816326530612235
