1 0.7408231368186875 0.11667284637251266 0.3003337041156841 0.05537016438017549
1 0.5984427141268075 0.28476084538375973 0.3848720800889878 0.05932517612161657
1 0.460511679644049 0.35693980966505995 0.11790878754171302 0.06130268199233711
1 0.5305895439377085 0.41033246817451485 0.2558398220244716 0.02570757631936722
1 0.5027808676307007 0.4439500679767643 0.19132369299221366 0.029662588060808303
1 0.44493882091212456 0.4835001853911754 0.08231368186874306 0.017797552836484983
1 0.6240266963292548 0.5873192436040044 0.4382647385984428 0.16215548139908534
1 0.4716351501668521 0.7455197132616488 0.14015572858731923 0.08305524657026325
1 0.8014460511679644 0.7148683722654802 0.19466073414905452 0.021752564577926136
1 0.46551724137931033 0.8384624891855148 0.12347052280311466 0.035595105672969966
0 0.24916573971078976 0.5487578791249537 0.28698553948832034 0.6624644666913855
