0 0.21617418351477447 0.45895973734231904 0.2208398133748056 0.5197857266286505
1 0.5723172628304823 0.28063974570557015 0.4012441679626753 0.22950136803115048
1 0.604199066874028 0.39813374805598756 0.09797822706065318 0.3760152064973217
1 0.45645412130637636 0.5322274062554 0.15396578538102645 0.13547606704682913
1 0.49611197511664074 0.63867288750648 0.24261275272161748 0.08294453084499728
1 0.43234836702954893 0.7119405564195611 0.10886469673405905 0.0525315362018317
1 0.5101088646967341 0.8308277172973908 0.2923794712286159 0.1631242439951616
1 0.8530326594090202 0.20874373595991016 0.11041990668740283 0.04147226542249872
1 0.8802488335925349 0.3290133056851564 0.18662519440124414 0.17141869707966134
1 0.8724727838258165 0.4243995161569034 0.16174183514774484 0.008294453084499765
1 0.8709175738724728 0.6068774840158977 0.17418351477449448 0.2903058579574909
1 0.8678071539657853 0.8349749438396407 0.16174183514774498 0.13824088474166232
1 0.20995334370139968 0.7478831864523934 0.15241057542768274 0.04147226542249868
