1 0.7043069863646406 0.06858846918489066 0.38595531189964594 0.029821073558648114
1 0.5211625867689486 0.12524850894632208 0.6342450348414563 0.03578528827037774
1 0.528537529034547 0.2047713717693837 0.6391616630185218 0.11530815109343936
1 0.4646213627326948 0.30616302186878736 0.5260792149460142 0.05566600397614312
1 0.5236209008574814 0.42445328031809154 0.6440782911955875 0.1530815109343937
1 0.5236209008574814 0.5417495029821073 0.648994919372653 0.07355864811133202
1 0.5322250001673461 0.5914512922465209 0.17454030028582707 0.021868787276341877
1 0.5334541572116125 0.6113320079522864 0.6244117784873252 0.029821073558648124
1 0.5482040417428091 0.6500994035785288 0.5949120094249319 0.03578528827037772
1 0.5482040417428091 0.7037773359840955 0.5949120094249319 0.06759443339960242
1 0.5457457276542764 0.779324055666004 0.5899953812478664 0.051689860834990074
1 0.5248500579017478 0.852882703777336 0.6465366052841202 0.07554671968190846
