0 0.35636645962732916 0.798136645962733 0.5054347826086957 0.26708074534161486
0 0.7703804347826079 0.7857142857142858 0.19914596273291926 0.2960662525879917
0 0.7668866459627328 0.36024844720496896 0.1991459627329192 0.29813664596273287
0 0.7435947204968943 0.5662525879917184 0.24572981366459623 0.047619047619047665
1 0.3179347826086956 0.32401656314699795 0.451863354037267 0.022774327122153225
1 0.3447204968944099 0.4078674948240165 0.5031055900621118 0.10351966873706005
1 0.32084627329192544 0.4906832298136646 0.46467391304347816 0.03726708074534159
1 0.3482142857142857 0.5786749482401656 0.5124223602484472 0.0890269151138716
1 0.15838509316770183 0.2494824016563147 0.05822981366459626 0.043478260869565195
1 0.10423136645962731 0.13768115942028986 0.17585403726708074 0.04761904761904763
1 0.5060170807453416 0.13561076604554867 0.5974378881987576 0.06418219461697725
0 0.11238354037267079 0.2484472049689441 0.031444099378881984 0.05383022774327124
0 0.8402562111801241 0.13975155279503107 0.029114906832298004 0.05590062111801244
0 0.8658773291925465 0.14596273291925466 0.019798136645962642 0.05590062111801242
0 0.8926630434782606 0.14182194616977228 0.019798136645962784 0.05175983436853004
0 0.9153726708074532 0.14389233954451347 0.009316770186335503 0.03933747412008284
