1 0.4705215419501134 0.5396825396825397 0.37414965986394555 0.08163265306122454
1 0.3819444444444444 0.4671201814058956 0.18849206349206343 0.0317460317460317
1 0.389030612244898 0.41723356009070295 0.12046485260770978 0.045351473922902556
1 0.4846938775510204 0.8412698412698413 0.314625850340136 0.018140589569160995
1 0.3606859410430839 0.7947845804988662 0.07794784580498863 0.02494331065759624
1 0.33942743764172334 0.3560090702947846 0.05810657596371883 0.03628117913832206
1 0.1856575963718821 0.30272108843537415 0.1105442176870748 0.029478458049886563
1 0.18707482993197277 0.38095238095238093 0.14455782312925167 0.1224489795918367
1 0.18424036281179135 0.48072562358276644 0.1615646258503401 0.027210884353741492
1 0.18990929705215417 0.5090702947845804 0.15306122448979592 0.0204081632653061
1 0.18353174603174605 0.5759637188208617 0.143140589569161 0.054421768707482984
1 0.1516439909297052 0.6360544217687074 0.048185941043083866 0.0385487528344671
1 0.1296768707482993 0.6961451247165533 0.0439342403628118 0.018140589569160995
1 0.19274376417233557 0.7562358276643991 0.13038548752834464 0.07936507936507922
1 0.13392857142857142 0.8231292517006803 0.0467687074829932 0.02267573696145121
1 0.19274376417233557 0.885487528344671 0.13321995464852607 0.07936507936507936
1 0.3571428571428571 0.2687074829931973 0.03401360544217688 0.034013605442176846
1 0.4691043083900226 0.2619047619047619 0.02834467120181408 0.04308390022675738
1 0.6037414965986394 0.2687074829931973 0.05952380952380956 0.04308390022675738
1 0.7305839002267573 0.19727891156462582 0.08645124716553283 0.022675736961451243
1 0.7858560090702947 0.2380952380952381 0.1601473922902494 0.04535147392290249
1 0.7752267573696144 0.29365079365079366 0.15022675736961447 0.04761904761904759
1 0.7617630385487528 0.3458049886621315 0.12613378684807258 0.0385487528344671
1 0.7752267573696144 0.39682539682539686 0.15306122448979578 0.06349206349206347
1 0.7631802721088434 0.4535147392290249 0.12046485260770978 0.04535147392290242
1 0.7312925170068028 0.4931972789115646 0.07369614512471656 0.03401360544217695
1 0.7886904761904762 0.5793650793650794 0.1601473922902494 0.03401360544217681
1 0.7865646258503403 0.7165532879818594 0.20124716553287983 0.04988662131519291
1 0.3698979591836735 0.2108843537414966 0.056689342403628086 0.040816326530612235
