0 0.25 0.468414481897628 0.28426966292134837 0.49737827715355803
1 0.24775280898876403 0.7850187265917603 0.302247191011236 0.07590511860174785
1 0.6 0.25967540574282144 0.3977528089887641 0.03995006242197253
1 0.5185393258426966 0.2966292134831461 0.23707865168539322 0.03795255930087393
1 0.6067415730337079 0.45243445692883894 0.40674157303370784 0.04194756554307119
1 0.48146067415730337 0.35955056179775285 0.1561797752808988 0.07191011235955053
1 0.4449438202247191 0.414481897627965 0.0808988764044944 0.02596754057428214
1 0.44719101123595506 0.4933832709113608 0.08539325842696634 0.019975031210986316
1 0.6207865168539325 0.5812734082397004 0.4325842696629214 0.1238451935081148
1 0.5387640449438202 0.7031210986267166 0.24382022471910106 0.055930087390761545
1 0.5398876404494382 0.7850187265917603 0.2438202247191012 0.08389513108614224
1 0.744943820224719 0.11585518102372035 0.30561797752808995 0.05992509363295881
