1 0.3432015288787541 0.1481113320079523 0.43884785659906256 0.021868787276341946
1 0.5049563478175111 0.1918489065606362 0.5598123298923939 0.029821073558648124
1 0.49933009324572825 0.2912524850894632 0.5598123298923938 0.15308151093439362
1 0.5148022933181311 0.3886679920477137 0.5401204388911539 0.045725646123260404
1 0.5119891660322397 0.44234592445328036 0.540120438891154 0.04572564612326047
1 0.5119891660322397 0.4860834990059642 0.540120438891154 0.03379721669980121
1 0.4979235296027825 0.5099403578528827 0.5513729480347197 0.013916500994035843
1 0.4866710204592168 0.6053677932405567 0.6357667666114625 0.14910536779324055
1 0.3446080925216998 0.6898608349900596 0.39665094731069117 0.011928429423459334
1 0.5035497841745653 0.7693836978131213 0.5569992026065025 0.11530815109343948
