1 0.4531722054380664 0.21148036253776437 0.4712990936555891 0.06525679758308157
1 0.45770392749244704 0.3033232628398791 0.4803625377643504 0.06525679758308155
1 0.24395770392749244 0.37099697885196375 0.05589123867069489 0.031419939577039244
1 0.4554380664652568 0.4507552870090635 0.4758308157099699 0.0942598187311178
1 0.45241691842900295 0.565558912386707 0.46978851963746215 0.09184290030211485
1 0.2824773413897281 0.6477341389728096 0.1299093655589124 0.03867069486404844
1 0.6412386706948641 0.6477341389728097 0.1283987915407855 0.029003021148036295
1 0.45166163141993954 0.7311178247734139 0.4531722054380664 0.05075528700906347
1 0.4652567975830816 0.7939577039274925 0.08157099697885194 0.026586102719033278
0 0.8353474320241692 0.22839879154078552 0.2114803625377644 0.1764350453172206
0 0.8361027190332326 0.4797583081570997 0.1797583081570997 0.1764350453172206
0 0.8345921450151057 0.7395770392749245 0.20996978851963746 0.16435045317220542
1 0.28096676737160126 0.11359516616314201 0.07854984894259819 0.024169184290030222
1 0.6865558912386708 0.11359516616314198 0.02870090634441084 0.03383685800604232
1 0.10725075528700906 0.38670694864048344 0.036253776435045335 0.03383685800604233
1 0.09894259818731119 0.43383685800604227 0.02265861027190331 0.04108761329305132
1 0.11480362537764349 0.48580060422960725 0.057401812688821746 0.019335347432024152
1 0.10347432024169184 0.5365558912386708 0.03474320241691844 0.029003021148036153
1 0.10498489425981873 0.5909365558912387 0.03776435045317221 0.02658610271903321
1 0.11404833836858007 0.6356495468277946 0.049848942598187326 0.04350453172205448
1 0.12386706948640484 0.6851963746223564 0.060422960725075525 0.026586102719033278
1 0.1299093655589124 0.7419939577039275 0.07552870090634442 0.05317220543806642
1 0.11102719033232628 0.7867069486404834 0.03776435045317221 0.02175226586102724
1 0.11027190332326285 0.8338368580060425 0.03927492447129909 0.03383685800604226
1 0.12084592145015105 0.8845921450151056 0.06344410876132932 0.03383685800604226
1 0.08383685800604229 0.20785498489425983 0.0649546827794562 0.033836858006042296
1 0.07401812688821753 0.2719033232628399 0.04833836858006042 0.036253776435045355
1 0.8338368580060425 0.3552870090634441 0.21148036253776425 0.0773413897280967
1 0.8225075528700907 0.5957703927492447 0.1918429003021147 0.05075528700906354
1 0.765105740181269 0.6380664652567976 0.07401812688821749 0.014501510574018113
1 0.8293051359516617 0.856797583081571 0.20543806646525667 0.07492447129909366
1 0.8942598187311179 0.9172205438066464 0.1057401812688822 0.026586102719033278
1 0.38746223564954685 0.8205438066465257 0.33987915407854985 0.04108761329305139
