0 0.09920634920634921 0.3458049886621315 0.06802721088435373 0.14285714285714285
0 0.24589002267573698 0.3401360544217687 0.07227891156462586 0.14512471655328796
0 0.3876133786848072 0.33673469387755106 0.06377551020408162 0.13832199546485263
0 0.5357142857142857 0.34807256235827666 0.08219954648526069 0.16099773242630383
0 0.6795634920634922 0.3401360544217687 0.07227891156462576 0.12244897959183675
0 0.8241213151927438 0.34467120181405897 0.0722789115646259 0.14512471655328796
1 0.14668367346938777 0.2380952380952381 0.2451814058956916 0.03174603174603174
1 0.3032879818594104 0.24263038548752838 0.06802721088435373 0.03174603174603174
1 0.47973356009070295 0.626984126984127 0.2990362811791384 0.052154195011337875
1 0.39753401360544216 0.6666666666666665 0.029761904761904816 0.01360544217687078
1 0.39611678004535145 0.6927437641723355 0.13180272108843538 0.020408163265306173
1 0.36422902494331066 0.72562358276644 0.07369614512471656 0.03174603174603177
0 0.2494331065759637 0.6587301587301587 0.1417233560090703 0.1609977324263039
1 0.11833900226757371 0.8832199546485262 0.18565759637188212 0.047619047619047734
1 0.36848072562358275 0.8684807256235828 0.20124716553287983 0.03628117913832213
1 0.6136621315192744 0.8786848072562359 0.18424036281179135 0.06122448979591837
1 0.870890022675737 0.8820861678004536 0.2083333333333333 0.04988662131519291
1 0.09708049886621314 0.4580498866213152 0.07511337868480726 0.0498866213151927
1 0.24305555555555558 0.45464852607709744 0.08928571428571427 0.04308390022675731
1 0.3897392290249433 0.453514739229025 0.11337868480725617 0.0317460317460317
1 0.5357142857142857 0.4591836734693877 0.11621315192743766 0.03401360544217681
1 0.679563492063492 0.4580498866213152 0.13463718820861678 0.03628117913832192
1 0.8248299319727892 0.4580498866213152 0.09920634920634924 0.027210884353741492
1 0.9410430839002268 0.45578231292517 0.05102040816326522 0.03628117913832192
1 0.052437641723356014 0.15192743764172334 0.08503401360544219 0.045351473922902466
1 0.15943877551020408 0.15306122448979592 0.10345804988662134 0.052154195011337896
1 0.3054138321995465 0.14852607709750565 0.08928571428571427 0.03401360544217687
1 0.7596371882086168 0.15759637188208617 0.04818594104308389 0.04761904761904763
1 0.8269557823129251 0.15646258503401358 0.08645124716553283 0.04988662131519275
1 0.9041950113378684 0.15192743764172334 0.045351473922902556 0.06802721088435375
1 0.9764739229024942 0.15873015873015872 0.02551020408163282 0.022675736961451243
