0 0.1671195652173913 0.10351966873706005 0.015139751552795051 0.03312629399585921
1 0.20147515527950308 0.10248447204968944 0.04891304347826086 0.03519668737060041
1 0.40236801242236014 0.10559006211180126 0.33190993788819867 0.04554865424430643
1 0.733113354037267 0.10662525879917183 0.022127329192546768 0.0269151138716356
1 0.7709627329192545 0.10559006211180125 0.03493788819875775 0.041407867494824016
1 0.7989130434782608 0.10869565217391304 0.011645962732919202 0.051759834368530024
1 0.3784937888198758 0.19875776397515527 0.4518633540372672 0.11180124223602483
1 0.3569487577639751 0.31573498964803315 0.4134316770186335 0.08074534161490679
1 0.203222049689441 0.40476190476190477 0.11529503105590062 0.04761904761904759
1 0.2305900621118012 0.4720496894409938 0.16304347826086954 0.04968944099378881
1 0.36044254658385083 0.5527950310559007 0.41576086956521735 0.05797101449275353
1 0.3645186335403727 0.660455486542443 0.4239130434782609 0.14078674948240164
1 0.3348214285714286 0.777432712215321 0.3738354037267081 0.031055900621118012
1 0.35345496894409933 0.8530020703933746 0.40877329192546585 0.11180124223602476
