1 0.0696629213483146 0.13083645443196004 0.08314606741573033 0.025967540574282157
1 0.09887640449438201 0.3485642946317104 0.13258426966292133 0.021972534332084948
1 0.08988764044943821 0.580274656679151 0.12134831460674157 0.021972534332084875
1 0.06235955056179774 0.7191011235955057 0.07078651685393257 0.031960049937577964
1 0.06629213483146067 0.8149812734082397 0.07865168539325844 0.02397003745318344
1 0.08314606741573033 0.23071161048689137 0.10112359550561799 0.021972534332084875
0 0.8971910112359549 0.25767042133662504 0.11348314606741568 0.2876404494382022
1 0.8943820224719101 0.4534332084893883 0.11460674157303359 0.07590511860174778
1 0.25112359550561797 0.10586467290418809 0.07078651685393257 0.03595505617977528
1 0.5157303370786517 0.17977528089887643 0.6022471910112359 0.09987515605493132
1 0.5179775280898877 0.299625468164794 0.6067415730337079 0.13183520599250934
1 0.5146067415730338 0.45543520038154556 0.6202247191011236 0.17178526841448183
1 0.5870786516853933 0.5712858926342073 0.7426966292134832 0.047940074906366946
1 0.5932584269662922 0.6332084893882647 0.7573033707865169 0.055930087390761545
1 0.5848314606741574 0.802996254681648 0.749438202247191 0.2756554307116106
