1 0.4435941043083901 0.39115646258503406 0.43934240362811794 0.41043083900226757
0 0.4329648526077098 0.7766439909297052 0.40958049886621317 0.31972789115646255
0 0.8000283446712018 0.4013605442176871 0.14597505668934246 0.217687074829932
1 0.7454648526077097 0.26077097505668934 0.09070294784580497 0.04988662131519273
1 0.8553004535147392 0.25963718820861675 0.10062358276643976 0.0385487528344671
1 0.13747165532879818 0.373015873015873 0.09637188208616779 0.07029478458049887
1 0.14384920634920634 0.564625850340136 0.11196145124716556 0.06349206349206347
1 0.14384920634920634 0.7698412698412699 0.11196145124716556 0.06575963718820858
0 0.15235260770975056 0.29024943310657597 0.11196145124716551 0.09523809523809522
0 0.1516439909297052 0.48072562358276644 0.11054421768707481 0.09523809523809526
0 0.1488095238095238 0.6757369614512472 0.10770975056689341 0.09977324263038546
0 0.15306122448979592 0.8741496598639454 0.11054421768707481 0.09750566893424051
1 0.3706065759637188 0.16213151927437644 0.562641723356009 0.03854875283446713
1 0.15376984126984128 0.21201814058956917 0.11196145124716551 0.04308390022675738
1 0.2869897959183673 0.10884353741496598 0.06094104308390019 0.022675736961451243
1 0.3606859410430839 0.10884353741496598 0.06944444444444443 0.027210884353741492
1 0.4379251700680273 0.10770975056689341 0.08219954648526077 0.024943310657596366
