1 0.4966292134831461 0.24469413233458176 0.18651685393258424 0.0659176029962547
1 0.4679775280898877 0.31760299625468164 0.12921348314606745 0.07590511860174783
1 0.5179775280898876 0.38052434456928835 0.2359550561797753 0.03795255930087386
1 0.4185393258426966 0.45243445692883894 0.025842696629213506 0.029962546816479405
1 0.6702247191011236 0.46541822721598003 0.3943820224719101 0.05992509363295881
1 0.5033707865168539 0.500374531835206 0.20449438202247186 0.029962546816479405
1 0.44438202247191017 0.5443196004993758 0.07752808988764053 0.025967540574282067
1 0.6241573033707865 0.6551810237203496 0.45730337078651684 0.16779026217228454
1 0.797191011235955 0.7830212234706616 0.1988764044943821 0.02796504369538084
1 0.4735955056179776 0.8259675405742821 0.1449438202247192 0.10187265917602986
1 0.4668539325842697 0.9038701622971286 0.1269662921348315 0.025967540574281998
1 0.7398876404494382 0.11485642946317104 0.3202247191011236 0.049937578027465665
0 0.248876404494382 0.5233458177278402 0.27977528089887643 0.6711610486891385
1 0.2286516853932584 0.9028714107365792 0.3382022471910112 0.06791510611735319
