1 0.1030667701863354 0.12732919254658384 0.17585403726708074 0.04761904761904761
1 0.516498447204969 0.13457556935817805 0.5974378881987578 0.06625258799171845
1 0.3190993788819875 0.21842650103519667 0.44720496894409933 0.0393374741200828
1 0.34180900621118004 0.3002070393374741 0.5019409937888198 0.10351966873706005
1 0.29930124223602483 0.38819875776397517 0.4052795031055901 0.035196687370600444
1 0.3517080745341615 0.4596273291925466 0.5124223602484471 0.06625258799171853
1 0.3552018633540372 0.5631469979296067 0.5170807453416149 0.09523809523809518
0 0.3540372670807453 0.7908902691511386 0.20031055900621111 0.28985507246376796
0 0.75 0.3447204968944099 0.21661490683229814 0.30434782608695654
0 0.8390916149068324 0.13871635610766045 0.022127329192546626 0.041407867494824
0 0.8652950310559007 0.13975155279503107 0.025621118012422384 0.047619047619047644
0 0.8938276397515527 0.14182194616977226 0.022127329192546768 0.04761904761904763
0 0.9130434782608694 0.14078674948240166 0.006987577639751663 0.03726708074534159
