1 0.33021541950113376 0.2777777777777778 0.2409297052154195 0.04761904761904763
1 0.455640589569161 0.7505668934240363 0.48611111111111116 0.21768707482993194
0 0.4655612244897959 0.47959183673469385 0.3415532879818594 0.30158730158730157
0 0.8560090702947847 0.5668934240362812 0.20408163265306128 0.272108843537415
1 0.8659297052154196 0.746031746031746 0.16723356009070287 0.07256235827664398
1 0.8730158730158729 0.8401360544217686 0.167233560090703 0.06575963718820872
0 0.766014739229025 0.7505668934240362 0.04109977324263056 0.0770975056689342
0 0.7688492063492063 0.8480725623582767 0.041099773242630276 0.0680272108843539
0 0.7858560090702947 0.24263038548752833 0.04960317460317469 0.04988662131519273
1 0.7808956916099774 0.30952380952380953 0.04818594104308389 0.03401360544217688
1 0.09495464852607709 0.2528344671201814 0.1502267573696145 0.06575963718820858
1 0.14951814058956914 0.19160997732426302 0.08928571428571427 0.029478458049886597
1 0.21400226757369617 0.19047619047619044 0.03117913832199548 0.03174603174603174
1 0.24872448979591838 0.19274376417233563 0.03259637188208611 0.036281179138322024
1 0.2905328798185941 0.19274376417233563 0.04251700680272109 0.027210884353741457
1 0.25722789115646255 0.8968253968253969 0.0949546485260771 0.024943310657596383
