1 0.376984126984127 0.31179138321995464 0.3401360544217687 0.04308390022675731
1 0.4613095238095238 0.4625850340136054 0.5087868480725624 0.2312925170068027
1 0.46272675736961444 0.6700680272108843 0.5059523809523809 0.15192743764172334
1 0.28273809523809523 0.7936507936507937 0.14030612244897958 0.03628117913832199
0 0.30824829931972786 0.8741496598639454 0.12896825396825393 0.09297052154195015
0 0.4662698412698413 0.880952380952381 0.13038548752834458 0.10204081632653057
0 0.6264172335600907 0.8786848072562359 0.12755102040816324 0.08843537414965993
0 0.8517573696145125 0.7505668934240363 0.21825396825396837 0.23129251700680278
0 0.858843537414966 0.38548752834467126 0.21541950113378674 0.16780045351473924
1 0.8510487528344671 0.5680272108843538 0.21967120181405903 0.111111111111111
1 0.8510487528344671 0.9058956916099774 0.20549886621315194 0.061224489795918234
1 0.832624716553288 0.264172335600907 0.17148526077097515 0.029478458049886597
0 0.4705215419501133 0.25170068027210885 0.20691609977324263 0.07709750566893427
1 0.14739229024943312 0.19047619047619047 0.0850340136054422 0.04081632653061227
1 0.2147108843537415 0.19160997732426302 0.04109977324263039 0.04308390022675738
1 0.25085034013605445 0.19047619047619047 0.025510204081632716 0.03628117913832199
1 0.28628117913832196 0.19160997732426302 0.03117913832199541 0.03401360544217688
1 0.35076530612244894 0.18820861678004533 0.07511337868480719 0.03174603174603174
1 0.4216269841269842 0.19614512471655327 0.05527210884353742 0.04308390022675738
