1 0.49719101123595505 0.23970037453183518 0.18764044943820224 0.055930087390761545
1 0.4696629213483146 0.31161048689138576 0.12584269662921352 0.06392009987515604
1 0.501123595505618 0.37453183520599254 0.19775280898876402 0.03795255930087386
1 0.5865168539325843 0.4564294631710362 0.36629213483146067 0.045942571785268456
1 0.44550561797752813 0.5013732833957554 0.07528089887640448 0.027965043695380772
1 0.6224719101123596 0.6072409488139825 0.43820224719101125 0.16779026217228463
1 0.22865168539325842 0.8978776529338327 0.34269662921348315 0.07790262172284641
1 0.796067415730337 0.7350811485642946 0.19887640449438193 0.03995006242197263
1 0.4747191011235955 0.7620474406991261 0.15393258426966291 0.09388264669163547
1 0.4646067415730337 0.8589263420724095 0.12022471910112366 0.03595505617977523
1 0.7359550561797752 0.1188514357053683 0.31460674157303375 0.03795255930087391
0 0.24943820224719104 0.513358302122347 0.2719101123595506 0.6591760299625468
