1 0.06629213483146067 0.1278401997503121 0.07865168539325844 0.023970037453183525
1 0.04775280898876404 0.16279650436953808 0.04382022471910112 0.029962546816479422
1 0.07584269662921347 0.20074906367041198 0.0887640449438202 0.02596754057428214
1 0.058426966292134834 0.2317103620474407 0.05393258426966291 0.023970037453183508
1 0.07078651685393259 0.26566791510611737 0.08089887640449439 0.023970037453183542
1 0.08932584269662922 0.29862671660424467 0.11797752808988765 0.02996254681647944
1 0.08539325842696628 0.33158551810237197 0.10561797752808989 0.023970037453183508
1 0.08876404494382023 0.3645443196004994 0.11460674157303369 0.017977528089887614
1 0.09831460674157302 0.3975031210986268 0.1337078651685393 0.027965043695380772
1 0.05168539325842696 0.4304619225967541 0.03595505617977528 0.01398252184769042
1 0.06292134831460673 0.4634207240948814 0.05617977528089888 0.02397003745318344
1 0.052808988764044947 0.4953807740324595 0.04494382022471909 0.027965043695380772
1 0.05674157303370787 0.5273408239700375 0.055056179775280906 0.023970037453183508
1 0.06629213483146067 0.5593008739076155 0.06292134831460673 0.023970037453183508
1 0.06235955056179774 0.5942571785268415 0.06179775280898875 0.025967540574282067
1 0.42359550561797754 0.15980024968789014 0.41797752808988764 0.12384519350811486
1 0.4415730337078652 0.4424469413233459 0.4561797752808989 0.4134831460674158
0 0.7511235955056179 0.22172284644194754 0.21011235955056165 0.2556803995006242
0 0.7691011235955056 0.5692883895131087 0.16741573033707866 0.3755305867665419
1 0.44550561797752813 0.7510611735330834 0.455056179775281 0.18377028714107368
1 0.23539325842696626 0.8639200998751561 0.041573033707865116 0.029962546816479405
1 0.44101123595505615 0.9008739076154807 0.4191011235955056 0.0279650436953807
1 0.4061797752808989 0.9288389513108615 0.3831460674157303 0.023970037453183723
