0 0.24896176480139126 0.7693836978131213 0.13221698243689706 0.07554671968190846
1 0.540120438891154 0.7673956262425446 0.43884785659906256 0.07554671968190846
1 0.22926987380015126 0.6242544731610338 0.1153382187215485 0.01988071570576544
1 0.47682507495859683 0.6719681908548708 0.6160748756102224 0.06361829025844941
1 0.22926987380015126 0.4204771371769384 0.12659072786511416 0.025844930417495037
1 0.4838578931733254 0.5149105367793241 0.6301405120396796 0.15506958250497022
1 0.2320830010860427 0.3280318091451292 0.1265907278651142 0.027833001988071544
1 0.47682507495859683 0.37077534791252487 0.6104486210384397 0.04174950298210739
1 0.23348956472898844 0.18290258449304175 0.12940385515100566 0.03180914512922467
1 0.47823163860154255 0.2485089463220676 0.6020092391807653 0.09145129224652085
1 0.34882778345053694 0.14910536779324057 0.45572662031441113 0.023856858846918492
