1 0.5176154206040224 0.2783300198807157 0.2531814557302283 0.039761431411530775
1 0.5260548024616968 0.3389662027833 0.40509032916836546 0.06560636182902546
1 0.4107165837401483 0.47713717693836977 0.38258531088123404 0.11133200795228632
1 0.711721203330531 0.441351888667992 0.16878763715348555 0.023856858846918527
1 0.6765571122568882 0.4622266401590457 0.132216982436897 0.01789264413518886
1 0.7004686941869653 0.4860834990059642 0.16878763715348563 0.021868787276341946
1 0.6638980394703767 0.5089463220675944 0.10127258229209148 0.01988071570576537
1 0.5190219842469682 0.6023856858846918 0.6104486210384397 0.13518886679920478
1 0.5218351115328597 0.7296222664015904 0.5991961118948739 0.11530815109343934
1 0.5232416751758053 0.81610337972167 0.5907567300371996 0.05367793240556651
1 0.8565972585539394 0.8518886679920477 0.03657065471658853 0.017892644135188932
