1 0.652645530326811 0.14910536779324057 0.45572662031441113 0.02783300198807158
1 0.43603472931317117 0.18687872763419486 0.4557266203144112 0.023856858846918492
1 0.5190219842469682 0.220675944333996 0.6104486210384397 0.031809145129224635
1 0.5297935313043403 0.250562306347102 0.5312371104087116 0.018363511189170473
1 0.5334024790652689 0.2704561101353699 0.5384550059305689 0.015302925990975318
1 0.5478382701089839 0.3041225473155157 0.561552271600513 0.041827997708665986
1 0.5420639536914978 0.34595054502418165 0.561552271600513 0.03570682731227578
1 0.5449511119002409 0.3826775674025224 0.5586651133917699 0.031626047048015735
1 0.542063953691498 0.4183843947147982 0.5586651133917699 0.03366643718014572
0 0.5260548024616968 0.588469184890656 0.5963829846089825 0.29025844930417505
1 0.3417949652358084 0.7495029821073558 0.2559945830161198 0.027833001988071544
1 0.5260548024616968 0.8071570576540756 0.6076354937525482 0.051689860834990074
