1 0.5583203732503889 0.2668049075514084 0.3825816485225505 0.246068774840159
1 0.5381026438569206 0.4312972274873259 0.33592534992223955 0.09953343701399689
1 0.43545878693623635 0.5819941247623985 0.1244167962674961 0.09123898392949727
1 0.4463452566096423 0.6497249918324826 0.1430793157076205 0.04423708311733186
1 0.5023328149300156 0.7948850872645585 0.27060653188180406 0.21842059789182655
1 0.8273716951788492 0.21289096250216005 0.07465007776049774 0.06082598928633143
1 0.864696734059098 0.28339381372040784 0.16485225505443224 0.08017971315016414
1 0.8732503888024884 0.3912217038189044 0.17884914463452561 0.10229825470883014
1 0.8499222395023328 0.45895973734231904 0.13841368584758953 0.033177812337998984
1 0.869362363919129 0.5377570416450665 0.15863141524105756 0.10782789009849665
1 0.8359253499222394 0.6082598928633144 0.09486780715396577 0.033177812337998984
1 0.8818040435458786 0.693969241403145 0.17729393468118204 0.11612234318299634
1 0.859253499222395 0.7865906341800587 0.16951788491446337 0.09123898392949713
1 0.8631415241057542 0.8681527561776394 0.14618973561430793 0.04423708311733193
0 0.20295489891135282 0.5169874654849413 0.30015552099533416 0.6802120398267274
0 0.19984447900466562 0.19491964748574392 0.010886469673405941 0.09676861931916365
