1 0.7380422691879867 0.12161661104931404 0.3036707452725251 0.053392658509454946
1 0.5622914349276975 0.2649857866765542 0.3147942157953282 0.019775058707205525
1 0.5122358175750834 0.29267086886664195 0.21690767519466078 0.023730070448646643
1 0.5022246941045606 0.37078235076010385 0.19466073414905444 0.08898776418242484
1 0.4482758620689655 0.4390063032999629 0.08898776418242499 0.027685082190087796
1 0.6223581757508343 0.5418341644965139 0.43492769744160176 0.1700655048819676
1 0.557285873192436 0.664441972562106 0.3159065628476085 0.05141515263873444
1 0.5350389321468297 0.7039920899765171 0.1290322580645161 0.023730070448646643
1 0.42936596218020023 0.8028673835125448 0.0467185761957731 0.027685082190087796
1 0.5400444938820912 0.8542825361512791 0.13014460511679643 0.13051538746755653
1 0.6863181312569522 0.8068223952539859 0.042269187986651954 0.027685082190087796
1 0.8003337041156839 0.8097886540600666 0.12347052280311445 0.04548263502657264
1 0.24527252502780864 0.7900135953528613 0.3236929922135706 0.0889877641824249
0 0.2586206896551724 0.47559016190829323 0.27030033370411566 0.5082190087751823
