1 0.3446080925216998 0.14612326043737575 0.4529134930285197 0.021868787276341946
0 0.4815976448090993 0.5049821697441191 0.5531369971671407 0.1425667034471031
1 0.33843277495407487 0.5908287868735576 0.3232055395211924 0.019928678976476728
1 0.4783438977669396 0.37659548787643227 0.6030277851469221 0.09734393192355967
1 0.4073037540131206 0.2505082689675696 0.4566091682497378 0.026060580200008055
1 0.3362636102593015 0.31489323181464834 0.31886721013164593 0.026060580200008055
1 0.47346327720370013 0.280018043605814 0.5976048734099894 0.022228141935300982
1 0.47563244189847326 0.20106981535284835 0.5997740381047624 0.048288722135309076
1 0.47420276516782733 0.6484198818877465 0.6014502108234507 0.06340943310697142
1 0.3351790279119149 0.704164438465304 0.3115709288855908 0.021601015673803518
1 0.4766677250482513 0.7518957150348374 0.6083520984886378 0.062712626149752
1 0.4806116608569296 0.8076402716123948 0.6063801305842986 0.045989259176484866
