0 0.7700615421584684 0.349896480331263 0.19572769417292726 0.2774327122153211
0 0.22534937888198756 0.8198757763975155 0.24805900621118013 0.23188405797101438
0 0.4839400983927182 0.8219461697722567 0.2481542075084889 0.22774327122153187
0 0.10947204968944099 0.23395445134575568 0.0372670807453416 0.0538302277432712
0 0.8390916149068324 0.13871635610766045 0.024456521739130467 0.041407867494824
0 0.8658773291925465 0.13768115942028986 0.017468944099378804 0.043478260869565195
0 0.890916149068323 0.13975155279503107 0.023291925465838404 0.04347826086956523
0 0.9142080745341614 0.14492753623188406 0.013975155279503042 0.04554865424430643
1 0.11005434782608696 0.13354037267080746 0.19215838509316768 0.03933747412008282
1 0.4658385093167702 0.12939958592132506 0.5007763975155279 0.043478260869565216
1 0.3518286781007044 0.31697722251370775 0.5079282889328463 0.09482402288148636
1 0.3400621118012422 0.4161490683229814 0.4844720496894409 0.08281573498964803
1 0.3517080745341615 0.5714285714285715 0.5357142857142857 0.1490683229813665
