1 0.7408231368186874 0.11568409343715239 0.3092324805339266 0.053392658509454946
1 0.6640711902113459 0.2768508219008775 0.5294771968854283 0.059325176121616606
1 0.4816462736373748 0.3252997157335311 0.16685205784204676 0.029662588060808303
1 0.49944382647385976 0.3974786800148313 0.18464961067853175 0.09492028179458657
1 0.44382647385984425 0.46471387961933014 0.0800889877641825 0.023730070448646643
1 0.6234705228031145 0.57149919663824 0.4416017797552837 0.17402051662340867
1 0.42380422691879865 0.7030033370411567 0.04004449388209125 0.03757261154369061
1 0.5901001112347052 0.6931158076875541 0.2614015572858732 0.04943764676801379
1 0.532258064516129 0.7336546780373254 0.12347052280311452 0.023730070448646643
1 0.42825361512791993 0.8305524657026325 0.05784204671857623 0.027685082190087796
1 0.5222469410456063 0.8354962303794341 0.1012235817575084 0.053392658509454946
1 0.43270300333704115 0.9037201829192929 0.048943270300333734 0.027685082190087796
1 0.5200222469410456 0.9086639475960945 0.0901001112347052 0.05734767025089596
1 0.7625139043381535 0.9017426770485725 0.19911012235817566 0.027685082190087796
0 0.2563959955506118 0.48053392658509453 0.2725250278086763 0.48646644419725615
1 0.2397107897664071 0.7791373130638982 0.3192436040044494 0.06328018786305761
