0 0.32242063492063494 0.2539682539682539 0.33021541950113376 0.2993197278911564
0 0.6760204081632654 0.2619047619047619 0.3344671201814059 0.31065759637188206
0 0.6753117913832198 0.671201814058957 0.3330498866213152 0.2993197278911564
0 0.3231292517006803 0.6609977324263039 0.3401360544217687 0.310657596371882
1 0.3210034013605443 0.435374149659864 0.34722222222222227 0.03628117913832206
1 0.6689342403628118 0.4285714285714286 0.33446712018140595 0.022675736961451278
1 0.31604308390022673 0.8480725623582767 0.3458049886621315 0.0680272108843539
1 0.6625566893424036 0.8458049886621315 0.3188775510204082 0.05442176870748312
1 0.5307539682539683 0.8900226757369615 0.05527210884353742 0.029478458049886597
1 0.17006802721088435 0.8934240362811792 0.05102040816326532 0.03628117913832199
