1 0.5645412130637637 0.2903058579574909 0.3888024883359254 0.24330395714532568
1 0.4292379471228616 0.42578192500432005 0.1026438569206843 0.022118541558665897
1 0.5419906687402799 0.4492828754104026 0.328149300155521 0.030412994643165662
1 0.49455676516329705 0.5958182132365647 0.24572317262830487 0.1354760670468292
1 0.5287713841368584 0.7036461033350614 0.3203732503888025 0.0801797131501641
1 0.5746500777604975 0.8570934853983059 0.3996889580093315 0.22671505097632624
1 0.7480559875583204 0.8557110765508898 0.08398133748055983 0.04147226542249868
1 0.8701399688958008 0.21565578019699327 0.17884914463452575 0.05529635389666496
1 0.8716951788491446 0.3345381634392694 0.18195956454121315 0.1658890616899948
1 0.8569206842923794 0.44098842232590285 0.12752721617418358 0.03041299464316573
1 0.8724727838258164 0.6317608432693969 0.16485225505443238 0.30689476412649036
1 0.874805598755832 0.8902712977363055 0.1695178849144635 0.1880076032486609
0 0.22006220839813373 0.33316053222740627 0.25660964230171074 0.2847762225678244
0 0.20684292379471228 0.6262312078797304 0.15241057542768272 0.17418351477449462
