1 0.3834451627432538 0.13412408759124086 0.6481126993168802 0.04562043795620438
1 0.49447642198877517 0.19160583941605844 0.7462333470222247 0.05474452554744527
1 0.48800828173362787 0.25821167883211676 0.728158490865977 0.07116788321167881
1 0.5164473803303951 0.31021897810219035 0.6869637112986708 0.03649635036496343
1 0.49967550306429104 0.3458029197080295 0.6585805343868025 0.031021897810218982
1 0.5048360806846303 0.3841240875912415 0.6121353358037444 0.0383211678832118
1 0.4570356485222621 0.43339416058394165 0.6145451093124202 0.03102189781021899
1 0.4686551989084214 0.48083941605839414 0.6945909008615171 0.05291970802919707
1 0.3614971231249531 0.5301094890510949 0.49060323852672205 0.027372262773722653
1 0.4686551989084213 0.6423357664233578 0.7100836347097292 0.18613138686131392
1 0.3485718436018518 0.7655109489051094 0.40797532466958975 0.02372262773722625
1 0.4828697060876746 0.8102189781021899 0.7126657570177646 0.05839416058394164
