1 0.045505617977528084 0.1637952559300874 0.030337078651685393 0.031960049937578054
1 0.08764044943820223 0.4664169787765294 0.11460674157303372 0.029962546816479405
1 0.08707865168539325 0.6611735330836455 0.10449438202247191 0.0279650436953807
1 0.08707865168539326 0.5652933832709113 0.10224719101123596 0.03995006242197249
1 0.05393258426966293 0.2976279650436954 0.04494382022471911 0.015980024968789017
1 0.07584269662921347 0.733083645443196 0.09101123595505617 0.03595505617977537
1 0.2539325842696629 0.10786516853932585 0.0786516853932584 0.03196004993757803
1 0.5067415730337079 0.18077403245942572 0.5842696629213484 0.10187265917602994
1 0.39044943820224715 0.25967540574282144 0.3471910112359551 0.03196004993757803
1 0.5848314606741574 0.8169787765293384 0.744943820224719 0.21972534332084892
0 0.8837078651685394 0.23370786516853934 0.1606741573033709 0.20374531835205997
1 0.8814606741573033 0.4054931335830212 0.151685393258427 0.1318352059925094
1 0.250561797752809 0.37553058676654183 0.05393258426966291 0.05992509363295881
1 0.37078651685393255 0.43445543258193176 0.10561797752808985 0.045942571785268456
1 0.25842696629213485 0.4923845193508115 0.08314606741573033 0.04194756554307119
1 0.3668539325842697 0.49737827715355803 0.08876404494382023 0.043945068664169896
1 0.46797752808988763 0.5493133583021224 0.04382022471910112 0.03995006242197256
1 0.25280898876404495 0.6102372034956304 0.06741573033707862 0.04993757802746572
1 0.3730337078651685 0.6721598002496879 0.11011235955056176 0.057927590511860104
1 0.5398876404494382 0.4264669163545568 0.05056179775280903 0.04194756554307119
1 0.6325842696629214 0.43345817727840197 0.08089887640449454 0.05193508114856428
1 0.5387640449438202 0.5463171036204745 0.03932584269662918 0.03795255930087393
1 0.6230337078651685 0.6112314662851211 0.06629213483146074 0.05193508114856435
1 0.5387640449438202 0.6681647940074906 0.04382022471910105 0.045942571785268456
1 0.7303370786516854 0.49238451935081146 0.1101123595505618 0.04993757802746565
1 0.6898876404494382 0.6681647940074906 0.03146067415730329 0.029962546816479405
1 0.47247191011235956 0.37053682896379525 0.05955056179775284 0.03795255930087393
1 0.37584269662921344 0.3176029962546817 0.08876404494382023 0.0359550561797753
1 0.5516853932584269 0.32059925093632957 0.05393258426966284 0.05393258426966291
1 0.7331460674157304 0.3116104868913858 0.09101123595505627 0.04794007490636705
1 0.2646067415730337 0.3106117353308364 0.08426966292134833 0.05393258426966291
1 0.6264044943820225 0.3136079900124844 0.04157303370786522 0.04394506866416983
1 0.4758426966292134 0.31161048689138576 0.052808988764044995 0.055930087390761545
