1 0.24831460674157302 0.22372034956304618 0.07640449438202246 0.043945068664169785
1 0.2949438202247191 0.312606245937896 0.16292134831460675 0.02996254681647933
1 0.23258426966292137 0.2686641697877653 0.0359550561797753 0.017977528089887614
1 0.26348314606741574 0.27166042446941324 0.021348314606741567 0.023970037453183473
1 0.7117977528089887 0.2706616729088639 0.03707865168539328 0.02197253433208484
1 0.7426966292134832 0.2696629213483146 0.022471910112359553 0.023970037453183508
1 0.7814606741573032 0.26866416978776525 0.0505617977528091 0.021972534332084914
1 0.8241573033707865 0.2706616729088639 0.021348314606741498 0.02596754057428214
1 0.04831460674157304 0.30162297128589266 0.03595505617977529 0.027965043695380772
1 0.08707865168539326 0.33857677902621724 0.11348314606741575 0.03395755305867667
1 0.09382022471910112 0.3725343320848939 0.12471910112359551 0.017977528089887614
1 0.09831460674157304 0.4034956304619226 0.12921348314606743 0.03196004993757803
1 0.056741573033707866 0.43745318352059925 0.03932584269662921 0.019975031210986316
1 0.054494382022471914 0.468414481897628 0.03707865168539325 0.02596754057428221
1 0.06910112359550562 0.5033707865168539 0.0640449438202247 0.023970037453183508
1 0.09719101123595505 0.5473158551810237 0.13146067415730336 0.031960049937577964
1 0.07303370786516852 0.5902621722846442 0.08314606741573032 0.02596754057428221
1 0.0747191011235955 0.6202247191011236 0.08876404494382023 0.03395755305867667
1 0.052808988764044947 0.6541822721598001 0.04044943820224718 0.017977528089887614
1 0.04662921348314606 0.6851435705368288 0.034831460674157294 0.019975031210986316
1 0.07640449438202247 0.7240948813982522 0.09213483146067417 0.02596754057428214
1 0.05786516853932585 0.7540574282147315 0.03932584269662922 0.021972534332084875
1 0.08370786516853933 0.7900124843945069 0.09775280898876407 0.009987515605493229
1 0.07752808988764044 0.8209737827715355 0.08539325842696628 0.02397003745318358
1 0.09101123595505617 0.8549313358302122 0.10337078651685391 0.019975031210986174
1 0.08820224719101123 0.8968789013732834 0.10674157303370788 0.04394506866416975
1 0.5 0.3545568039950062 0.5438202247191012 0.03395755305867667
1 0.4370786516853933 0.41248439450686647 0.4449438202247191 0.08189762796504375
1 0.4387640449438202 0.5283395755305867 0.448314606741573 0.13383270911360795
1 0.4387640449438202 0.6781523096129837 0.4415730337078652 0.15380774032459427
1 0.43988764044943823 0.8409488139825219 0.45056179775280897 0.15580524344569283
0 0.753932584269663 0.5742821473158553 0.15730337078651688 0.3335830212234707
1 0.7528089887640449 0.39350811485642945 0.04719101123595522 0.03995006242197249
1 0.697752808988764 0.7910112359550561 0.058426966292134924 0.02397003745318344
1 0.6825842696629213 0.8149812734082397 0.02808988764044955 0.01598002496878905
1 0.6831460674157305 0.837952559300874 0.026966292134831493 0.01398252184769035
1 0.6910112359550561 0.8669163545568039 0.04494382022471911 0.01598002496878905
1 0.6859550561797753 0.8888888888888888 0.03258426966292134 0.019975031210986174
1 0.6887640449438203 0.9158551810237203 0.038202247191011195 0.01398252184769035
1 0.7702247191011236 0.7920099875156055 0.03707865168539328 0.021972534332084875
1 0.7853932584269663 0.8189762796504368 0.06741573033707851 0.01598002496878891
1 0.7668539325842696 0.8419475655430712 0.028089887640449406 0.01398252184769035
1 0.7797752808988764 0.8649188514357052 0.06516853932584268 0.01198501872659179
1 0.7646067415730338 0.8888888888888888 0.021348314606741498 0.01198501872659179
1 0.7741573033707866 0.9138576779026217 0.04719101123595507 0.01398252184769035
