0 0.17729393468118193 0.436841195783653 0.33281493001555207 0.40919301883532055
1 0.5637636080870917 0.28752192972044355 0.4183514774494556 0.14377052013132885
1 0.4525660964230171 0.3939865215137377 0.1804043545878693 0.06359080698116472
1 0.42457231726283046 0.5557164125725989 0.12752721617418358 0.055296353896665026
1 0.3919129082426127 0.5972006220839813 0.07465007776049759 0.033177812337998984
1 0.4214618973561431 0.6400552963538967 0.11508553654743395 0.03041299464316573
1 0.4852255054432348 0.7879730430274754 0.2861586314152411 0.23777432175565935
1 0.8328149300155521 0.2764817694833247 0.08864696734059095 0.07741489545533088
1 0.874805598755832 0.32347411502438284 0.17884914463452575 0.06082598928633151
1 0.8172628304821151 0.37463279764990504 0.057542768273716974 0.03041299464316573
1 0.8755832037325039 0.4368244740592157 0.17729393468118204 0.08294453084499737
1 0.848367029548989 0.5100969206078503 0.1384136858475894 0.0525315362018317
1 0.8273716951788491 0.5792293070675654 0.09331259720062207 0.03594263003283224
1 0.8779160186625193 0.6939620749498147 0.17262830482115063 0.19906687402799378
1 0.8405909797822706 0.8322101261448074 0.11041990668740283 0.049766718506998445
1 0.8856920684292379 0.9234491100743045 0.18195956454121315 0.11059270779332976
