0 0.32359550561797756 0.23370786516853934 0.22247191011235956 0.2436953807740325
0 0.5556179775280898 0.24069912609238453 0.23932584269662927 0.2456928838951311
1 0.06404494382022471 0.12883895131086143 0.0696629213483146 0.02596754057428214
1 0.044382022471910115 0.16479400749063672 0.030337078651685393 0.021972534332084893
1 0.0747191011235955 0.19975031210986266 0.08202247191011235 0.023970037453183508
1 0.060674157303370786 0.2317103620474407 0.05617977528089888 0.023970037453183508
1 0.07303370786516854 0.26666666666666666 0.08539325842696628 0.029962546816479366
1 0.08089887640449439 0.29862671660424467 0.09662921348314608 0.02197253433208484
1 0.08707865168539326 0.33058676654182273 0.10674157303370788 0.017977528089887614
1 0.08876404494382023 0.36554307116104867 0.10786516853932585 0.023970037453183508
1 0.09943820224719101 0.3995006242197253 0.13595505617977527 0.023970037453183508
1 0.05112359550561798 0.4304619225967541 0.03483146067415731 0.017977528089887684
1 0.060112359550561795 0.46441947565543074 0.052808988764044947 0.021972534332084806
1 0.052808988764044947 0.49538077403245945 0.035955056179775284 0.019975031210986316
1 0.060112359550561795 0.5313358302122347 0.057303370786516844 0.015980024968788982
1 0.0646067415730337 0.5652933832709113 0.06629213483146065 0.01598002496878905
1 0.06123595505617978 0.5982521847690387 0.0550561797752809 0.021972534332084948
1 0.7719101123595506 0.2916354556803995 0.17977528089887643 0.3635455680399501
1 0.5292134831460674 0.6362047440699126 0.6471910112359551 0.33757802746566784
1 0.2651685393258427 0.827957562410283 0.10112359550561799 0.017977528089887614
1 0.448314606741573 0.8968789013732834 0.4404494382022472 0.09188514357053677
