0 0.24775280898876403 0.4754057428214732 0.28202247191011237 0.5113607990012484
1 0.24606741573033708 0.7840199750312109 0.29662921348314614 0.0699126092384519
1 0.6410112359550562 0.2776529338327091 0.4685393258426966 0.05992509363295881
1 0.501123595505618 0.43745318352059925 0.19550561797752813 0.06791510611735334
1 0.44438202247191017 0.49737827715355803 0.07303370786516844 0.027965043695380772
1 0.6202247191011235 0.5842696629213484 0.42921348314606744 0.12584269662921352
1 0.451685393258427 0.6691635455680399 0.08314606741573037 0.01598002496878905
1 0.6601123595505618 0.7450686641697877 0.5179775280898877 0.05992509363295895
1 0.5589887640449439 0.8579275905118603 0.30000000000000004 0.12584269662921344
0 0.3720800889877641 0.12260536398467434 0.3837597330367074 0.059325176121616606
1 0.5244716351501668 0.35298479792361886 0.24137931034482762 0.03757261154369054
1 0.4399332591768632 0.38857990359658884 0.067853170189099 0.021752564577926067
1 0.743047830923248 0.12161661104931404 0.3136818687430479 0.053392658509454946
