1 0.08820224719101123 0.32958801498127344 0.12471910112359548 0.23970037453183515
1 0.06797752808988763 0.1278401997503121 0.07303370786516852 0.03995006242197253
1 0.3033707865168539 0.10986117540340493 0.17528089887640447 0.05593008739076153
1 0.5797752808988764 0.17877652933832708 0.7325842696629213 0.0739076154806492
1 0.2893258426966292 0.2546756629119965 0.15168539325842706 0.04593359424315104
1 0.5853932584269663 0.32359550561797756 0.7415730337078652 0.07990012484394513
1 0.5842696629213484 0.39650436953807744 0.7438202247191011 0.05792759051186024
1 0.5831460674157303 0.4544319600499376 0.7393258426966293 0.04993757802746572
1 0.5814606741573034 0.5662921348314607 0.7404494382022472 0.1617977528089888
0 0.40730337078651685 0.7430711610486892 0.13370786516853933 0.18377028714107368
0 0.5196629213483146 0.7450686641697877 0.08202247191011232 0.18377028714107368
0 0.5988764044943821 0.7410736579275905 0.0719101123595506 0.17977528089887643
0 0.6926966292134832 0.7440699126092385 0.11123595505617978 0.18177278401997513
0 0.791573033707865 0.7440699126092385 0.08202247191011239 0.18576779026217224
1 0.41067415730337076 0.8928838951310862 0.13146067415730336 0.10786516853932582
1 0.5185393258426967 0.8938826466916354 0.07078651685393261 0.09787765293383273
1 0.5983146067415731 0.8928838951310861 0.061797752808988665 0.09987515605493144
1 0.6910112359550561 0.8918851435705369 0.10786516853932589 0.09388264669163547
1 0.7943820224719101 0.8978776529338327 0.07865168539325851 0.09787765293383273
