0 0.25224719101123594 0.46941323345817737 0.28651685393258425 0.5073657927590512
1 0.547191011235955 0.2626716604244694 0.2786516853932583 0.04194756554307116
1 0.504494382022472 0.2976279650436954 0.19325842696629209 0.0359550561797753
1 0.503370786516854 0.3715355805243446 0.19325842696629209 0.0958801498127341
1 0.44550561797752813 0.43745318352059925 0.07752808988764044 0.019975031210986316
1 0.6168539325842697 0.5393258426966292 0.42471910112359557 0.1598002496878901
1 0.5320224719101124 0.6651685393258426 0.24157303370786515 0.03995006242197263
1 0.5601123595505618 0.7700374531835206 0.30674157303370775 0.1298377028714107
1 0.5067415730337079 0.8988764044943821 0.20674157303370783 0.08789013732833965
1 0.7432584269662921 0.8659176029962546 0.16741573033707852 0.03395755305867667
1 0.7876404494382022 0.9008739076154807 0.24943820224719104 0.03196004993757782
1 0.24606741573033708 0.7850187265917603 0.3056179775280899 0.07590511860174785
1 0.7432584269662922 0.11785268414481898 0.3067415730337079 0.06392009987515607
