1 0.2601123595505618 0.11385767790262172 0.10000000000000003 0.03995006242197253
1 0.2932584269662922 0.2017478152309613 0.15730337078651688 0.0359550561797753
1 0.42247191011235957 0.24469413233458176 0.38426966292134834 0.03795255930087389
1 0.47415730337078643 0.5513108614232209 0.5370786516853931 0.583270911360799
1 0.26348314606741574 0.8779026217228464 0.10449438202247191 0.03395755305867681
1 0.49213483146067416 0.9268414481897628 0.557303370786517 0.03995006242197249
0 0.8528089887640451 0.3735330836454432 0.2067415730337079 0.2117353308364545
0 0.8567415730337079 0.6302122347066167 0.21460674157303372 0.23370786516853925
0 0.8578651685393258 0.8808988764044944 0.17191011235955045 0.12384519350811488
1 0.06516853932584268 0.15980024968789014 0.07640449438202246 0.023970037453183525
1 0.06797752808988765 0.20973782771535582 0.06404494382022471 0.05593008739076151
1 0.10393258426966293 0.31161048689138576 0.15168539325842698 0.13183520599250936
1 0.06516853932584268 0.4634207240948814 0.07191011235955055 0.15181023720349557
1 0.0949438202247191 0.6102372034956304 0.13820224719101123 0.1298377028714107
1 0.06685393258426965 0.7450686641697877 0.08202247191011235 0.11985018726591747
