1 0.06306689342403628 0.2222222222222222 0.04393424036281179 0.03174603174603174
1 0.06873582766439909 0.2664399092970522 0.05810657596371883 0.020408163265306065
1 0.07157029478458049 0.3310657596371882 0.052437641723356014 0.02267573696145117
1 0.06519274376417233 0.37074829931972786 0.03968253968253967 0.03401360544217688
1 0.058815192743764164 0.41836734693877553 0.029761904761904764 0.03854875283446717
1 0.12542517006802723 0.47505668934240364 0.1544784580498866 0.04308390022675731
1 0.12188208616780045 0.5294784580498866 0.16156462585034015 0.04761904761904752
1 0.078656462585034 0.5782312925170068 0.06944444444444445 0.04535147392290249
1 0.0758219954648526 0.6349206349206349 0.05527210884353741 0.04535147392290249
1 0.06590136054421768 0.6870748299319728 0.04393424036281179 0.040816326530612346
1 0.12259070294784583 0.7437641723356009 0.1488095238095238 0.04988662131519277
1 0.0772392290249433 0.7959183673469389 0.06944444444444445 0.04988662131519263
1 0.0729875283446712 0.8492063492063491 0.06377551020408162 0.047619047619047734
1 0.09282879818594104 0.8979591836734694 0.10062358276643989 0.04535147392290242
1 0.5775226757369615 0.2834467120181406 0.23100907029478462 0.05442176870748295
1 0.4939058956916099 0.39115646258503406 0.06094104308390023 0.04761904761904759
1 0.45634920634920634 0.4342403628117914 0.06802721088435369 0.024943310657596383
1 0.5555555555555556 0.5045351473922902 0.09353741496598637 0.052154195011337875
1 0.8056972789115646 0.5045351473922902 0.07511337868480723 0.05668934240362816
1 0.5130385487528345 0.6201814058956916 0.0963718820861677 0.03401360544217688
1 0.49674036281179135 0.7256235827664399 0.06944444444444443 0.06349206349206354
1 0.4478458049886622 0.7743764172335601 0.051020408163265286 0.02040816326530603
1 0.5590986394557822 0.8424036281179138 0.0892857142857143 0.052154195011337945
0 0.4386337868480725 0.282312925170068 0.029761904761904816 0.052154195011337806
0 0.4414682539682539 0.39342403628117917 0.024092970521541943 0.04761904761904759
0 0.43721655328798187 0.6167800453514739 0.032596371882086146 0.03628117913832192
0 0.44288548752834467 0.7358276643990931 0.026927437641723343 0.04308390022675738
0 0.46343537414965985 0.5045351473922902 0.08219954648526069 0.08390022675736958
0 0.7263321995464852 0.5034013605442177 0.0666099773242631 0.08163265306122454
0 0.46272675736961444 0.8356009070294783 0.07227891156462583 0.07029478458049894
1 0.19841269841269843 0.15419501133786848 0.04535147392290252 0.0453514739229025
1 0.11621315192743766 0.15532879818594103 0.09353741496598639 0.0385487528344671
