1 0.5204285478899139 0.18886679920477134 0.613261748324331 0.03578528827037775
1 0.5218351115328597 0.23856858846918488 0.5991961118948739 0.05964214711729618
1 0.5232416751758054 0.30019880715705766 0.5963829846089825 0.06361829025844934
1 0.5190219842469682 0.3687872763419483 0.5935698573230911 0.06560636182902585
1 0.4922972750309997 0.4165009940357852 0.4444741111708455 0.025844930417495037
1 0.544340129819991 0.4572564612326044 0.554186075320611 0.051689860834990074
1 0.4290019110984426 0.4910536779324056 0.31788338330573124 0.01590457256461228
1 0.3980575109536369 0.517892644135189 0.3853984381671255 0.021868787276341877
1 0.520428547889914 0.5765407554671969 0.6470192757550283 0.09145129224652081
0 0.5316810570334797 0.7196819085487077 0.42196909288371404 0.17495029821073557
1 0.3544540380223198 0.8240556660039761 0.29256523773270837 0.0377733598409543
1 0.6371733302544081 0.14612326043737575 0.5035497841745653 0.025844930417495037
