1 0.3447133281227231 0.1332116788321168 0.6326199654686678 0.04379562043795621
1 0.42475911967181984 0.1843065693430657 0.6377842100847385 0.02919708029197082
1 0.4518714039061913 0.22445255474452555 0.702337267785623 0.0510948905109489
1 0.47640156583252746 0.31386861313868614 0.7255763685579416 0.10583941605839417
1 0.5099324858796765 0.39416058394160575 0.7927115485668614 0.0510948905109489
1 0.493174359847564 0.44160583941605835 0.7384869800981181 0.043795620437956206
1 0.2840334538838917 0.4826642335766423 0.29436194311603314 0.016423357664233577
1 0.5060959723749343 0.5273722627737226 0.6765160447052694 0.05839416058394157
1 0.24271949695532563 0.5793795620437956 0.17042007233033502 0.016423357664233508
1 0.46994626006243906 0.6468978102189782 0.6971730231695524 0.1076642335766423
1 0.23368206887720178 0.7271897810218979 0.17300219463837038 0.027372262773722723
1 0.4712354877185912 0.7919708029197079 0.7100836347097292 0.08029197080291965
