1 0.5614307931570762 0.32071885260065663 0.4136858475894246 0.21565578019699327
1 0.46734059097978226 0.47140141696906857 0.25038880248833595 0.07465007776049759
1 0.4206842923794712 0.6856747883186451 0.14774494556765164 0.08847416623466402
1 0.41835147744945567 0.7575600483843096 0.11508553654743395 0.033177812337998915
1 0.4906687402799378 0.8875064800414723 0.28149300155520995 0.17694833246932773
1 0.8328149300155522 0.2585056768313551 0.07620528771384144 0.06912044237083119
1 0.869362363919129 0.35113184724382235 0.16485225505443238 0.12165197857266281
1 0.8654743390357698 0.4396060134784862 0.15085536547433903 0.049766718506998375
1 0.8297045101088648 0.4893727319854847 0.08242612752721627 0.022118541558665966
1 0.869362363919129 0.5405218593398997 0.15241057542768274 0.05806117159149814
1 0.8398133748055987 0.5916709866943148 0.10575427682737171 0.033177812337998845
1 0.8763608087091757 0.6773803352341454 0.1757387247278382 0.12165197857266279
1 0.8561430793157077 0.7769137722481423 0.16018662519440113 0.07188526006566434
1 0.8693623639191291 0.8557110765508898 0.17107309486780709 0.04147226542249868
0 0.18040435458786938 0.44513564886815277 0.2737169517884914 0.43684119578365305
