0 0.2426127527216174 0.5488163124243995 0.3234836702954899 0.5999654397788146
1 0.6080870917573873 0.26404008985657507 0.31104199066874033 0.09676861931916364
1 0.5116640746500778 0.32486607914290644 0.1244167962674961 0.019353723863832713
1 0.5513219284603421 0.3635639715994649 0.19440124416796267 0.0525315362018317
1 0.5186625194401244 0.4396060134784862 0.13219284603421458 0.07188526006566441
1 0.578538102643857 0.503196820459651 0.26438569206842927 0.05529635389666496
1 0.604199066874028 0.5640228097459823 0.3094867807153966 0.049766718506998445
1 0.6080870917573873 0.7077933298773113 0.3172628304821151 0.21012614480732666
1 0.854587869362364 0.26956972524624156 0.11664074650077766 0.06912044237083116
1 0.8670295489891136 0.3179540349058234 0.16640746500777595 0.07188526006566441
1 0.8685847589424571 0.3898392949714878 0.14774494556765164 0.038707447727665496
1 0.8281493001555211 0.44098842232590285 0.0730948678071539 0.04147226542249875
1 0.8724727838258167 0.4769143306342976 0.16796267496111966 0.0525315362018317
1 0.8374805598755833 0.5405218593398997 0.09175738724727822 0.04700190081216526
1 0.8763608087091757 0.6331432521168135 0.18195956454121315 0.11612234318299627
1 0.8569206842923797 0.7077933298773113 0.14618973561430793 0.033177812337998915
1 0.8786936236391912 0.7755313634007257 0.17729393468118204 0.06359080698116472
