0 0.26307007786429365 0.4755901619082931 0.24360400444938818 0.4844889383265356
1 0.6640711902113459 0.27190705722407615 0.5205784204671857 0.06525769373377827
1 0.5061179087875417 0.3243109627981708 0.20467185761957737 0.03559510567296993
1 0.4660734149054505 0.3846248918551477 0.11790878754171309 0.0573476702508961
1 0.44160177975528364 0.4310962798170807 0.07563959955506121 0.01977505870720556
1 0.5038932146829811 0.4538375973303671 0.20022246941045607 0.021752564577926067
1 0.44771968854282534 0.49042145593869735 0.09010011123470527 0.027685082190087727
1 0.6234705228031145 0.5922630082808058 0.43715239154616237 0.1601779755283649
1 0.4276974416017798 0.7217896428130021 0.0411568409343716 0.03164009393152881
1 0.5912124582869855 0.7128908663947595 0.23692992213570632 0.04943764676801365
1 0.532258064516129 0.757384748485972 0.12347052280311452 0.027685082190087654
1 0.4210233592880979 0.8503275244098382 0.03670745272525032 0.027685082190087654
0 0.5650723025583982 0.8691138301816834 0.18020022246941048 0.0573476702508961
1 0.24749721913236933 0.7801260659992585 0.303670745272525 0.07316771721666043
1 0.7402669632925474 0.11766159930787294 0.30367074527252497 0.041527623285131626
