1 0.5583203732503887 0.29860031104199064 0.40746500777604966 0.2433039571453257
1 0.4883359253499222 0.4783134612061518 0.24572317262830487 0.09400380162433045
1 0.44012441679626746 0.611031877011478 0.16796267496111972 0.06635562467599797
1 0.49999999999999994 0.7105414258477072 0.3032659409020218 0.08294453084499721
1 0.5544323483670296 0.8626231207879731 0.39346811819595645 0.18800760324866075
1 0.8429237947122862 0.23500950406082602 0.09331259720062207 0.06082598928633143
1 0.8771384136858476 0.3580606132053428 0.17418351477449448 0.11888716087782963
1 0.8755832037325039 0.5958182132365647 0.17418351477449462 0.25159841022982543
1 0.8763608087091758 0.8349749438396405 0.16951788491446337 0.19906687402799378
0 0.17418351477449456 0.44513564886815277 0.286158631415241 0.525315362018317
