0 0.2544642857142857 0.31469979296066247 0.20380434782608692 0.2691511387163561
0 0.5473602484472049 0.5289855072463768 0.0628881987577639 0.10144927536231883
0 0.5496894409937888 0.6842650103519667 0.06754658385093165 0.08074534161490689
0 0.7756211180124223 0.5859213250517599 0.06055900621117999 0.09109730848861282
0 0.779697204968944 0.7349896480331263 0.059394409937888214 0.0910973084886129
0 0.7045807453416149 0.3447204968944099 0.20962732919254648 0.31262939958592134
1 0.4675854037267081 0.2349896480331263 0.21079192546583847 0.10559006211180129
1 0.4699145962732919 0.3530020703933748 0.20846273291925463 0.10559006211180126
1 0.25271739130434784 0.5238095238095238 0.2096273291925465 0.09937888198757769
1 0.2515527950310559 0.6459627329192547 0.1933229813664596 0.10351966873706012
1 0.4384704968944099 0.536231884057971 0.1362577639751553 0.12422360248447198
1 0.43788819875776397 0.7008281573498966 0.1420807453416149 0.1469979296066252
1 0.6661490683229814 0.5910973084886129 0.1467391304347826 0.134575569358178
1 0.6644021739130435 0.7536231884057972 0.14790372670807442 0.13664596273291935
