0 0.7674157303370788 0.29163545568039945 0.15280898876404492 0.3835205992509363
0 0.2915730337078652 0.6082397003745318 0.15393258426966291 0.2257178526841448
1 0.4286516853932584 0.11785268414481898 0.4258426966292134 0.043945068664169785
1 0.4460674157303371 0.37952559300873906 0.4719101123595506 0.13183520599250936
1 0.44606741573033704 0.2317103620474407 0.4651685393258427 0.1677902621722847
1 0.353932584269663 0.4764044943820225 0.2786516853932584 0.03795255930087393
1 0.6039325842696629 0.5802746566791511 0.4528089887640449 0.16179775280898873
1 0.37808988764044943 0.6691635455680401 0.0033707865168539543 0.003995006242197263
1 0.602808988764045 0.7850187265917603 0.4617977528089888 0.2277153558052433
1 0.5252808988764045 0.9218476903870163 0.6235955056179776 0.04993757802746572
1 0.06404494382022471 0.13083645443196004 0.07640449438202247 0.029962546816479405
1 0.04494382022471909 0.16479400749063672 0.0247191011235955 0.021972534332084893
1 0.04719101123595506 0.20074906367041198 0.03370786516853932 0.021972534332084875
1 0.057303370786516865 0.2317103620474407 0.0404494382022472 0.023970037453183508
1 0.06179775280898876 0.26666666666666666 0.04044943820224718 0.01797752808988765
1 0.08764044943820223 0.2956304619225968 0.09213483146067417 0.023970037453183542
1 0.10168539325842697 0.3425717852684144 0.13370786516853936 0.045942571785268387
1 0.09606741573033709 0.38451935081148564 0.1202247191011236 0.021972534332084875
1 0.10168539325842697 0.41348314606741565 0.13370786516853936 0.027965043695380772
1 0.09101123595505617 0.44744069912609236 0.11235955056179775 0.03196004993757803
1 0.06460674157303371 0.4833957553058677 0.05955056179775282 0.019975031210986247
1 0.06235955056179776 0.5153558052434457 0.05505617977528091 0.027965043695380772
1 0.05730337078651686 0.5493133583021224 0.038202247191011236 0.019975031210986316
1 0.05786516853932584 0.583270911360799 0.041573033707865165 0.02397003745318344
1 0.08314606741573033 0.6192259675405744 0.09213483146067417 0.031960049937577964
1 0.09382022471910112 0.6541822721598003 0.11123595505617978 0.025967540574282282
1 0.08202247191011235 0.6841448189762797 0.09662921348314607 0.029962546816479405
1 0.05786516853932584 0.7131086142322098 0.04606741573033709 0.02796504369538084
1 0.09101123595505617 0.7590511860174781 0.11235955056179775 0.03995006242197263
1 0.06910112359550562 0.8019975031210987 0.08202247191011235 0.029962546816479543
1 0.0893258426966292 0.8329588014981273 0.11573033707865166 0.0279650436953807
1 0.06292134831460673 0.8699126092384519 0.049438202247191004 0.021972534332084875
