1 0.2601123595505618 0.10886392009987515 0.09550561797752806 0.02596754057428214
1 0.29269662921348316 0.14282147315855181 0.1269662921348315 0.025967540574282123
1 0.4359550561797753 0.2876404494382022 0.44719101123595506 0.25967540574282144
1 0.42921348314606733 0.4694132334581772 0.4247191011235954 0.08389513108614231
1 0.43258426966292135 0.5902621722846442 0.45168539325842694 0.149812734082397
1 0.5146067415730337 0.8099890118625127 0.6022471910112359 0.2696629213483146
0 0.7533707865168541 0.7670411985018726 0.17640449438202255 0.18377028714107368
0 0.7556179775280899 0.5203495630461923 0.16741573033707866 0.16579275905118607
0 0.754494382022472 0.24269662921348314 0.18089887640449434 0.1578027465667915
1 0.7561797752808989 0.35755305867665416 0.16853932584269657 0.055930087390761545
1 0.06348314606741573 0.13183520599250936 0.0640449438202247 0.027965043695380772
1 0.05561797752808989 0.19575530586766543 0.05280898876404493 0.027965043695380772
1 0.05955056179775282 0.264669163545568 0.049438202247191025 0.029962546816479405
1 0.054494382022471914 0.33058676654182273 0.03932584269662922 0.021972534332084875
1 0.05056179775280898 0.3935081148564295 0.03820224719101123 0.019975031210986247
1 0.04719101123595506 0.4634207240948814 0.03595505617977528 0.019975031210986247
1 0.0646067415730337 0.5313358302122347 0.06629213483146065 0.027965043695380772
