1 0.09743202416918428 0.12809667673716013 0.09818731117824775 0.03383685800604232
1 0.8919939577039275 0.19577039274924474 0.058912386706948754 0.033836858006042296
1 0.8194864048338368 0.1945619335347432 0.04682779456193344 0.026586102719033243
1 0.736404833836858 0.19214501510574017 0.07703927492447135 0.03625377643504532
1 0.6540785498489425 0.18851963746223568 0.04531722054380673 0.02900302114803626
1 0.5619335347432025 0.19214501510574017 0.1057401812688822 0.041087613293051356
1 0.425226586102719 0.1945619335347432 0.12235649546827787 0.026586102719033243
1 0.29531722054380666 0.19214501510574017 0.08912386706948638 0.01691842900302113
1 0.21223564954682778 0.19335347432024172 0.04078549848942597 0.019335347432024187
1 0.1487915407854985 0.19214501510574017 0.04078549848942599 0.026586102719033243
1 0.09214501510574019 0.18851963746223566 0.015105740181268885 0.019335347432024152
1 0.1729607250755287 0.5558912386706949 0.20996978851963746 0.024169184290030187
1 0.21903323262839872 0.5981902319255941 0.29909365558912376 0.04109345478774364
1 0.1382175226586103 0.6477341389728096 0.13444108761329307 0.02416918429003026
0 0.22129909365558909 0.39033232628398795 0.2915407854984894 0.2586102719033232
0 0.5271903323262841 0.39274924471299094 0.2930513595166164 0.2682779456193353
0 0.8345921450151056 0.39033232628398795 0.29758308157099705 0.27311178247734136
0 0.22356495468277948 0.8338368580060422 0.2960725075528701 0.20785498489425977
0 0.5264350453172206 0.8253776435045317 0.297583081570997 0.20543806646525667
0 0.8338368580060422 0.8302114803625378 0.2960725075528703 0.21027190332326284
1 0.8398791540785498 0.5679758308157099 0.23262839879154085 0.053172205438066486
1 0.7938066465256797 0.6283987915407855 0.14048338368580063 0.04350453172205441
1 0.5287009063444108 0.5522658610271903 0.20241691842900303 0.03141993957703931
1 0.5173716012084593 0.6006042296072508 0.20392749244712988 0.05075528700906339
