1 0.06685393258426965 0.13183520599250936 0.08651685393258425 0.027965043695380772
1 0.04719101123595506 0.16479400749063672 0.03370786516853932 0.029962546816479405
1 0.06123595505617978 0.20374531835205992 0.059550561797752796 0.027965043695380772
1 0.04662921348314606 0.23270911360799001 0.041573033707865165 0.02596754057428214
1 0.04494382022471911 0.26267166042446943 0.05168539325842697 0.02596754057428214
1 0.06348314606741573 0.3006242197253433 0.050561797752808994 0.021972534332084875
1 0.0797752808988764 0.34756554307116105 0.09213483146067417 0.07590511860174778
1 0.07078651685393257 0.43745318352059925 0.05393258426966291 0.08789013732833965
1 0.05786516853932584 0.4933832709113608 0.06179775280898877 0.0279650436953807
1 0.09943820224719101 0.6192259675405744 0.13370786516853933 0.21972534332084892
1 0.0955056179775281 0.7930087390761549 0.1303370786516854 0.11985018726591762
1 0.07078651685393259 0.8779026217228464 0.09662921348314607 0.045942571785268456
1 0.41348314606741565 0.11684794755619139 0.3685393258426968 0.03394558300252023
1 0.48595505617977525 0.18476903870162295 0.553932584269663 0.11385767790262172
1 0.4915730337078652 0.35655430711610486 0.558426966292135 0.22172284644194756
1 0.4904494382022472 0.5742821473158551 0.5629213483146068 0.21373283395755294
1 0.48651685393258426 0.7310861423220973 0.5438202247191011 0.09588014981273417
1 0.25280898876404495 0.8079900124843945 0.0831460674157303 0.03395755305867667
1 0.48764044943820223 0.8769038701622972 0.5640449438202247 0.09188514357053677
0 0.8674157303370785 0.2876404494382022 0.16853932584269657 0.2317103620474407
1 0.8651685393258427 0.6881398252184769 0.18202247191011253 0.5053682896379527
