1 0.4054572219229108 0.14559329191047843 0.5975159059916578 0.0422271822404536
1 0.49086399751912724 0.1938529287567112 0.567640110692075 0.04222718224045366
1 0.5398983007710341 0.2888640887977319 0.7596987947608224 0.14779513784158776
1 0.4940176151323887 0.39292393074742116 0.6124538036414493 0.054292091452011706
1 0.5196345474546097 0.44042951076793146 0.6594014819693653 0.043735295891898465
1 0.510022505471451 0.48642697713699706 0.648731555076657 0.033178500331784946
1 0.49295062244311777 0.5203595342945044 0.6658034381049899 0.025637932074560898
0 0.31031818165121394 0.6055679556011315 0.30480288416637674 0.14176268323580854
0 0.6349608356930719 0.6070760692525762 0.30480288416637674 0.14176268323580854
1 0.3617105216628073 0.6915304337334862 0.3819833827589528 0.024129818423116376
1 0.48121370286113896 0.776738855040116 0.6892772772689483 0.11914097846413696
