1 0.5229037267080744 0.12111801242236023 0.09083850931677012 0.05175983436853
1 0.6125776397515527 0.12318840579710144 0.07220496894409927 0.043478260869565216
1 0.6940993788819876 0.12318840579710144 0.07686335403726702 0.043478260869565216
1 0.7756211180124223 0.12215320910973083 0.07453416149068318 0.041407867494824
1 0.8425854037267081 0.11697722567287784 0.029114906832298146 0.043478260869565216
0 0.15547360248447203 0.11904761904761905 0.15023291925465837 0.06832298136645963
0 0.8530667701863354 0.3374741200828158 0.22243788819875776 0.37267080745341624
0 0.8705357142857142 0.12525879917184266 0.022127329192546483 0.05590062111801244
1 0.49961180124223603 0.24223602484472045 0.39829192546583847 0.13664596273291924
1 0.5048524844720497 0.4140786749482402 0.4134316770186335 0.16149068322981372
1 0.5071816770186335 0.5890269151138717 0.42041925465838514 0.1511387163561077
1 0.5071816770186335 0.7546583850931676 0.42041925465838514 0.15113871635610765
1 0.5089285714285714 0.8892339544513458 0.4332298136645963 0.10559006211180133
