1 0.5606531881804044 0.3386806123459657 0.2255054432348368 0.04147226542249868
1 0.6111975116640747 0.41886988076723697 0.3141524105754277 0.10782789009849658
1 0.4976671850699844 0.525315362018317 0.08709175738724731 0.06635562467599783
1 0.5940902021772939 0.601338293355124 0.29237947122861585 0.09123898392949718
1 0.609642301710731 0.763089683773976 0.3172628304821151 0.22118541558665966
1 0.8405909797822706 0.3594263003283221 0.10730948678071542 0.05529635389666488
1 0.870917573872473 0.4202427343435465 0.15863141524105756 0.05529635389666496
1 0.8755832037325039 0.514256091238984 0.16485225505443238 0.09953343701399696
1 0.8732503888024883 0.6483497494383964 0.1695178849144635 0.12441679626749597
1 0.8802488335925349 0.7686073750747587 0.1679626749611198 0.11612234318299641
1 0.8600311041990669 0.8653879384828062 0.13996889580093325 0.0829445308449975
0 0.25038880248833595 0.6234711678204508 0.3514774494556765 0.5778468982201486
