1 0.6512389666838654 0.14612326043737575 0.45291349302851985 0.025844930417495037
1 0.5204285478899139 0.20377733598409542 0.613261748324331 0.0576540755467197
1 0.3882115654530169 0.26043737574552683 0.3432015288787541 0.023856858846918457
1 0.5204285478899139 0.36282306163021866 0.613261748324331 0.16103379721669978
1 0.38399187452417977 0.4552683896620278 0.24474207387255414 0.015904572564612352
1 0.5499663843917739 0.48409542743538764 0.5598123298923939 0.029821073558648124
1 0.5415270025340996 0.5198807157057654 0.5541860753206111 0.025844930417494964
1 0.46979225674386826 0.5457256461232604 0.41071658374014836 0.017892644135188932
1 0.5485598207488281 0.5735586481113321 0.573877966321851 0.02982107355864805
1 0.5429335661770454 0.610337972166998 0.5457466934629368 0.03180914512922456
1 0.5260548024616968 0.6351888667992047 0.5176154206040224 0.017892644135188932
1 0.5387138752482081 0.662027833001988 0.5598123298923938 0.03180914512922456
1 0.5457466934629367 0.6968190854870775 0.5626254571782854 0.025844930417494964
1 0.3896181290959626 0.7475149105367794 0.32913589244929686 0.03578528827037772
1 0.5260548024616968 0.8021868787276343 0.613261748324331 0.05367793240556665
