1 0.6807768031857253 0.14711729622266403 0.3994640745965825 0.015904572564612335
1 0.5387138752482081 0.2176938369781312 0.5598123298923938 0.07753479125248507
1 0.544340129819991 0.2823061630218688 0.5766910936077425 0.051689860834990074
0 0.30100461959038266 0.3658051689860835 0.11815134600743996 0.05964214711729625
1 0.5879436027513082 0.35188866799204777 0.4444741111708454 0.03976143141153081
1 0.4501003657426283 0.44632206759443344 0.461352874886194 0.021868787276341946
1 0.5190219842469682 0.5019880715705765 0.632953639325571 0.06560636182902585
1 0.5429335661770454 0.5656063618290258 0.5682517117500682 0.049701789264413494
1 0.5457466934629367 0.6252485089463221 0.5626254571782854 0.06163021868787268
1 0.5457466934629367 0.6938369781312127 0.573877966321851 0.0755467196819086
1 0.5429335661770454 0.7862823061630219 0.5682517117500682 0.10139165009940371
