0 0.5118400621118012 0.9057971014492753 0.5974378881987576 0.08488612836438932
0 0.3528726708074534 0.7732919254658384 0.514751552795031 0.16770186335403722
0 0.7657220496894409 0.33333333333333337 0.20613354037267073 0.3064182194616977
0 0.8326863354037266 0.13250517598343683 0.03726708074534159 0.07453416149068323
0 0.8652950310559007 0.13250517598343683 0.025621118012422384 0.06625258799171845
0 0.8932453416149068 0.14492753623188406 0.02329192546583869 0.0662525879917184
0 0.9112965838509317 0.14285714285714288 0.010481366459627281 0.03726708074534162
1 0.11063664596273291 0.12836438923395443 0.1933229813664596 0.07453416149068325
1 0.47399068322981364 0.12629399585921325 0.5054347826086957 0.062111801242236024
1 0.21020962732919252 0.2225672877846791 0.22942546583850926 0.047619047619047665
1 0.34996118012422356 0.30434782608695654 0.5182453416149068 0.09937888198757769
1 0.34180900621118016 0.4472049689440994 0.5089285714285714 0.14078674948240164
1 0.3517080745341615 0.5859213250517599 0.5124223602484471 0.062111801242236024
1 0.2800854037267081 0.6542443064182194 0.3738354037267081 0.045548654244306305
