0 0.19984447900466562 0.5349922239502333 0.29393468118195953 0.6994988767928114
1 0.5622083981337481 0.3082819506094607 0.4027993779160187 0.22395023328149302
1 0.5536547433903577 0.470019008121652 0.3670295489891135 0.09953343701399689
1 0.4416796267496112 0.587523760152065 0.15552099533437022 0.10782789009849658
1 0.5225505443234837 0.7105581475721445 0.31104199066874033 0.1271816139623293
1 0.573094867807154 0.8792120269569724 0.38724727838258166 0.19906687402799364
1 0.843701399688958 0.24192154829790907 0.10730948678071542 0.052531536201831666
1 0.8810264385692069 0.30274753758424056 0.17884914463452561 0.0525315362018317
1 0.8786936236391913 0.38430010431071393 0.17729393468118168 0.09400380162433035
1 0.8569206842923794 0.46310696388456885 0.12752721617418358 0.04147226542249868
1 0.8685847589424571 0.5405218593398997 0.1446345256609642 0.0912389839294972
1 0.8794712286158631 0.63867288750648 0.18506998444790043 0.10506307240366333
1 0.8600311041990668 0.7423535510627269 0.13063763608087087 0.07465007776049774
1 0.8833592534992224 0.8211508553654744 0.19284603421461896 0.060825989286331324
