0 0.1132930513595166 0.3673716012084592 0.11480362537764349 0.22235649546827788
0 0.2854984894259819 0.3589123867069486 0.11782477341389726 0.20060422960725074
0 0.4584592145015106 0.3673716012084592 0.1555891238670695 0.1546827794561933
0 0.627643504531722 0.3613293051359517 0.11027190332326285 0.22960725075528704
0 0.8021148036253777 0.3577039274924471 0.11480362537764349 0.2126888217522658
0 0.10649546827794562 0.7891238670694863 0.15256797583081572 0.21993957703927478
0 0.25 0.7867069486404833 0.07703927492447132 0.22960725075528698
0 0.39199395770392753 0.7939577039274924 0.1767371601208459 0.21510574018126874
0 0.5823262839879155 0.7830815709969788 0.18882175226586106 0.19818731117824767
0 0.7265861027190332 0.7891238670694863 0.10574018126888206 0.2586102719033232
0 0.8466767371601207 0.7734138972809669 0.12537764350453173 0.24169184290030202
0 0.9433534743202416 0.7782477341389727 0.06193353474320247 0.22235649546827788
1 0.24169184290030213 0.6549848942598189 0.4380664652567976 0.04833836858006052
1 0.12009063444108761 0.22235649546827793 0.21601208459214502 0.03383685800604226
1 0.11027190332326282 0.5244712990936555 0.17220543806646524 0.024169184290030118
1 0.2756797583081571 0.525679758308157 0.1525679758308157 0.02175226586102724
1 0.4531722054380664 0.5256797583081572 0.17220543806646524 0.031419939577039244
1 0.6246223564954683 0.5244712990936555 0.1586102719033233 0.019335347432024294
1 0.7960725075528701 0.525679758308157 0.16012084592145015 0.02175226586102724
1 0.8232628398791542 0.4966767371601209 0.08761329305135959 0.02175226586102717
1 0.6518126888217524 0.4954682779456194 0.08308157099697894 0.024169184290030187
1 0.48036253776435045 0.4966767371601209 0.08761329305135959 0.01691842900302113
1 0.3081570996978852 0.49788519637462236 0.08157099697885194 0.014501510574018113
1 0.13670694864048338 0.4966767371601209 0.08610271903323262 0.01691842900302113
1 0.05438066465256797 0.15347432024169186 0.08459214501510573 0.04592145015105739
1 0.1608761329305136 0.15226586102719034 0.09818731117824774 0.043504531722054374
1 0.7635951661631419 0.15830815709969787 0.019637462235649536 0.036253776435045335
1 0.8225075528700907 0.14984894259818732 0.07099697885196363 0.03867069486404834
1 0.9033232628398793 0.14864048338368582 0.04531722054380666 0.04592145015105739
