1 0.7907608695652173 0.16459627329192547 0.19565217391304343 0.12215320910973083
1 0.7861024844720497 0.2888198757763975 0.1863354037267081 0.08902691511387158
1 0.7895962732919253 0.4399585921325052 0.18400621118012409 0.16770186335403736
1 0.7878493788819876 0.5942028985507247 0.1735248447204968 0.12422360248447212
1 0.7907608695652173 0.7287784679089025 0.17934782608695657 0.11180124223602476
1 0.7930900621118012 0.8540372670807455 0.1816770186335404 0.1014492753623189
1 0.14673913043478262 0.10559006211180125 0.14673913043478262 0.05383022774327123
1 0.28940217391304346 0.17184265010351965 0.43439440993788814 0.05797101449275363
1 0.26727484472049684 0.2536231884057971 0.39013975155279496 0.0641821946169772
1 0.27309782608695654 0.9057971014492753 0.40877329192546585 0.06418219461697731
1 0.265527950310559 0.8436853002070392 0.38431677018633537 0.026915113871635584
0 0.33365683229813664 0.5579710144927535 0.5229037267080744 0.5196687370600412
