1 0.25581065759637184 0.19387755102040816 0.06094104308390019 0.03401360544217688
1 0.4513880729078319 0.25396825396825395 0.4322578677897777 0.0589569160997732
1 0.45847424070828524 0.3253968253968252 0.44359573627050336 0.0521541950113384
1 0.4528061224489796 0.39455782312925164 0.4379251700680273 0.04535147392290249
1 0.4606009070294785 0.5566893424036281 0.49319727891156456 0.19274376417233563
0 0.46201814058956914 0.7437641723356009 0.4988662131519274 0.09977324263038553
0 0.8397108843537414 0.5895691609977324 0.2026643990929705 0.15873015873015867
0 0.8361678004535148 0.3412698412698413 0.20975056689342395 0.17913832199546487
0 0.83687641723356 0.126984126984127 0.2083333333333333 0.0816326530612245
1 0.8319160997732427 0.21315192743764172 0.21541950113378674 0.0861678004535148
1 0.8368764172335601 0.45578231292517 0.2140022675736961 0.04535147392290249
1 0.8241213151927437 0.7120181405895692 0.19132653061224475 0.08163265306122454
1 0.30045351473922904 0.8412698412698413 0.16723356009070295 0.045351473922902556
1 0.44642857142857145 0.8945578231292518 0.4705215419501134 0.047619047619047734
1 0.10912698412698411 0.2743764172335601 0.0425170068027211 0.027210884353741527
1 0.09991496598639456 0.32539682539682535 0.021258503401360544 0.034013605442176846
1 0.11904761904761905 0.37755102040816324 0.05952380952380953 0.029478458049886597
1 0.10345804988662131 0.42517006802721086 0.03968253968253968 0.02947845804988667
1 0.10629251700680271 0.47278911564625853 0.03968253968253968 0.024943310657596383
1 0.11833900226757368 0.5249433106575964 0.06094104308390024 0.029478458049886597
1 0.11975623582766438 0.5714285714285715 0.06377551020408165 0.03174603174603177
1 0.1282596371882086 0.6247165532879819 0.08078231292517007 0.03401360544217688
1 0.11054421768707481 0.6746031746031745 0.0453514739229025 0.02947845804988674
1 0.10841836734693878 0.7244897959183675 0.03826530612244898 0.029478458049886597
1 0.1225907029478458 0.7732426303854875 0.06944444444444446 0.03174603174603163
1 0.1225907029478458 0.8333333333333333 0.06094104308390023 0.02947845804988674
1 0.11125283446712018 0.8956916099773244 0.04960317460317461 0.02721088435374142
1 0.2820294784580499 0.11337868480725623 0.06802721088435373 0.027210884353741492
