1 0.2696629213483146 0.11385917415964127 0.11910112359550559 0.03995006242197254
1 0.4359550561797752 0.2107365792759051 0.4449438202247191 0.14581772784019972
1 0.06797752808988763 0.133832709113608 0.07752808988764044 0.01997503121098628
1 0.1095505617977528 0.22671660424469411 0.15617977528089885 0.029962546816479405
1 0.0848314606741573 0.36254681647940074 0.10224719101123593 0.02596754057428214
1 0.05955056179775281 0.45842696629213486 0.058426966292134834 0.04194756554307119
1 0.25674157303370787 0.49038701622971287 0.09325842696629216 0.03395755305867659
1 0.5752808988764044 0.3725343320848939 0.7258426966292134 0.15780274656679155
1 0.8095505617977529 0.31061173533083647 0.29325842696629223 0.11785268414481895
0 0.8095505617977529 0.19176029962546817 0.29325842696629223 0.11585518102372036
1 0.5898876404494382 0.5513108614232209 0.755056179775281 0.0719101123595506
1 0.5820224719101124 0.634207240948814 0.7528089887640451 0.08589263420724101
1 0.5893258426966292 0.7220913932490753 0.7674157303370787 0.08189762796504355
1 0.25224719101123594 0.7890137328339576 0.08426966292134828 0.04394506866416975
1 0.5848314606741574 0.8439450686641697 0.7606741573033707 0.05792759051186024
