1 0.08715986394557823 0.12244897959183675 0.06944444444444445 0.02721088435374151
1 0.07653061224489796 0.1893424036281179 0.04818594104308391 0.04308390022675738
1 0.10770975056689341 0.30045351473922904 0.0396825396825397 0.03854875283446713
1 0.09991496598639456 0.3469387755102041 0.021258503401360544 0.02721088435374156
1 0.11833900226757368 0.39795918367346944 0.06094104308390024 0.029478458049886528
1 0.10274943310657597 0.4478458049886621 0.02692743764172336 0.024943310657596383
1 0.10629251700680271 0.4965986394557823 0.03684807256235828 0.03628117913832199
1 0.11621315192743766 0.546485260770975 0.05102040816326531 0.03174603174603177
1 0.12329931972789115 0.5963718820861678 0.06802721088435375 0.0317460317460317
1 0.1268424036281179 0.6473922902494331 0.07794784580498866 0.029478458049886528
1 0.10841836734693878 0.6961451247165533 0.03826530612244898 0.03174603174603177
1 0.10983560090702948 0.7494331065759638 0.04393424036281182 0.03401360544217695
1 0.11975623582766438 0.7970521541950114 0.060941043083900207 0.029478458049886597
1 0.1388888888888889 0.8798185941043084 0.15022675736961452 0.06802721088435376
1 0.34438775510204084 0.873015873015873 0.14172335600907032 0.040816326530612346
1 0.5633503401360543 0.8843537414965986 0.1629818594104308 0.07256235827664398
1 0.7723922902494331 0.8877551020408163 0.15589569160997727 0.07029478458049894
1 0.9375 0.8820861678004536 0.06660997732426295 0.07256235827664412
0 0.8815192743764173 0.8877551020408163 0.04251700680272109 0.05668934240362816
0 0.6689342403628118 0.8854875283446713 0.04251700680272109 0.06575963718820872
0 0.4591836734693877 0.8832199546485261 0.03968253968253976 0.06122448979591837
0 0.24589002267573698 0.8877551020408163 0.04109977324263039 0.052154195011337806
0 0.03259637188208617 0.8877551020408163 0.048185941043083894 0.07029478458049894
0 0.4606009070294785 0.5215419501133787 0.47335600907029485 0.43083900226757366
1 0.45068027210884354 0.2290249433106576 0.26927437641723356 0.04535147392290252
1 0.2508503401360544 0.25170068027210885 0.06235827664399096 0.03628117913832199
1 0.28061224489795916 0.12471655328798185 0.06802721088435376 0.03174603174603176
1 0.46839569160997724 0.1235827664399093 0.04676870748299315 0.029478458049886615
1 0.6887755102040817 0.1235827664399093 0.02834467120181401 0.024943310657596383
1 0.7865646258503403 0.11337868480725623 0.06235827664399096 0.027210884353741492
1 0.808531746031746 0.3231292517006803 0.12896825396825393 0.08390022675736958
1 0.8340419501133787 0.6485260770975055 0.2083333333333333 0.07256235827664391
0 0.8382936507936507 0.5306122448979592 0.2026643990929705 0.16326530612244894
1 0.7808956916099774 0.41496598639455784 0.1048752834467119 0.03628117913832199
0 0.8156179138321995 0.20181405895691612 0.13747165532879818 0.1315192743764172
1 0.41454081632653056 0.7630385487528345 0.38973922902494335 0.04761904761904759
1 0.3706065759637188 0.8174603174603174 0.20833333333333331 0.04308390022675738
0 0.24163832199546484 0.8185941043083901 0.04109977324263039 0.054421768707482984
1 0.13392857142857142 0.1836734693877551 0.018424036281179123 0.040816326530612235
1 0.11975623582766438 0.253968253968254 0.06660997732426305 0.022675736961451243
