1 0.07584269662921347 0.22272159800249688 0.0887640449438202 0.12584269662921352
1 0.07640449438202247 0.3605493133583021 0.09213483146067417 0.1298377028714108
1 0.07584269662921349 0.4993757802746567 0.09775280898876405 0.11186017478152309
1 0.07752808988764046 0.6421972534332084 0.09662921348314608 0.15780274656679155
1 0.08876404494382023 0.8369538077403246 0.12584269662921352 0.21972534332084892
1 0.2455056179775281 0.12883895131086143 0.07078651685393261 0.04594257178526842
1 0.2910112359550562 0.21173533083645446 0.15505617977528094 0.031960049937578
1 0.3202247191011236 0.2516853932584269 0.18426966292134833 0.03595505617977526
1 0.4758426966292134 0.3096129837702871 0.544943820224719 0.07990012484394508
1 0.4719101123595506 0.4384519350811486 0.5191011235955056 0.1538077403245942
1 0.5820224719101124 0.599250936329588 0.7348314606741573 0.15181023720349557
0 0.8556179775280899 0.42047440699126093 0.2101123595505618 0.2976279650436953
1 0.252247191011236 0.6981273408239699 0.07303370786516855 0.03395755305867667
1 0.5011235955056179 0.77103620474407 0.5842696629213483 0.10387016229712856
1 0.250561797752809 0.8669163545568039 0.07640449438202246 0.031960049937577964
0 0.8786516853932586 0.7900124843945069 0.15730337078651688 0.13383270911360795
