0 0.251685393258427 0.46142322097378274 0.2831460674157304 0.45942571785268416
1 0.24662921348314604 0.7860174781523096 0.302247191011236 0.08189762796504355
1 0.6550561797752809 0.28464419475655434 0.5056179775280899 0.06192259675405747
1 0.5039325842696629 0.3865168539325843 0.1988764044943821 0.10986267166042453
1 0.44606741573033715 0.4634207240948814 0.07640449438202246 0.01598002496878905
1 0.6241573033707866 0.573283395755306 0.43033707865168547 0.1558052434456929
1 0.6134831460674157 0.6971285892634208 0.39775280898876403 0.02796504369538084
1 0.5629213483146068 0.7830212234706616 0.3101123595505619 0.0878901373283395
1 0.6314606741573033 0.11785268414481898 0.07415730337078649 0.03995006242197253
1 0.7264044943820224 0.11585518102372035 0.08651685393258432 0.05593008739076156
1 0.8078651685393258 0.11685393258426967 0.038202247191011056 0.025967540574282157
1 0.8696629213483146 0.11585518102372035 0.05168539325842687 0.03995006242197254
0 0.3748609566184649 0.1206278581139538 0.39377085650723026 0.05932517612161663
1 0.4238042269187987 0.8908663947596095 0.031145717463848754 0.03757261154369047
0 0.5417130144605118 0.9007539241132122 0.14905450500556178 0.08503275244098375
