1 0.39328231292517 0.18707482993197277 0.13463718820861673 0.07029478458049886
1 0.4584750566893423 0.2437641723356009 0.34438775510204084 0.04761904761904759
1 0.5392541056902851 0.7834467120181401 0.148816051657978 0.074829931972789
1 0.5378401360544218 0.8492063492063491 0.1771541950113379 0.05668934240362816
1 0.376984126984127 0.7936507936507937 0.07936507936507936 0.0816326530612244
1 0.3762755102040816 0.8843537414965987 0.0779478458049887 0.03174603174603177
1 0.7936507936507937 0.3401360544217687 0.13038548752834458 0.022675736961451278
1 0.7957766439909296 0.3752834467120181 0.13180272108843524 0.0385487528344671
0 0.5002834467120181 0.5566893424036281 0.20691609977324255 0.28798185941043086
1 0.7716836734693878 0.4240362811791383 0.0836167800453515 0.022675736961451278
1 0.8007369614512472 0.4580498866213152 0.14739229024943312 0.0408163265306122
1 0.7823129251700681 0.5034013605442176 0.11621315192743766 0.0317460317460317
1 0.8014455782312925 0.5419501133786848 0.15164399092970512 0.0317460317460317
1 0.7688492063492063 0.20748299319727892 0.14314058956916098 0.03854875283446713
1 0.7745181405895691 0.15419501133786848 0.15731292517006806 0.03174603174603174
1 0.7327097505668934 0.2743764172335601 0.06235827664399082 0.036281179138321955
1 0.15164399092970524 0.2709750566893424 0.07653061224489799 0.04761904761904759
1 0.24872448979591838 0.2630385487528345 0.02692743764172338 0.04988662131519281
1 0.18494897959183676 0.32766439909297046 0.14030612244897958 0.02494331065759635
1 0.1736111111111111 0.35147392290249435 0.10062358276643991 0.03174603174603177
1 0.15518707482993196 0.40929705215419504 0.05810657596371883 0.024943310657596383
1 0.12896825396825395 0.46371882086167804 0.04251700680272109 0.02040816326530603
1 0.1636904761904762 0.49773242630385484 0.06660997732426305 0.0204081632653061
1 0.19416099773242632 0.526077097505669 0.12471655328798185 0.02721088435374142
1 0.19486961451247165 0.5532879818594104 0.12613378684807253 0.027210884353741492
1 0.13109410430839002 0.5975056689342404 0.03826530612244897 0.0204081632653061
1 0.19274376417233557 0.6281179138321995 0.13038548752834464 0.03628117913832199
1 0.18920068027210882 0.6575963718820862 0.12613378684807255 0.02721088435374156
1 0.7851473922902494 0.7290249433106577 0.17006802721088435 0.03854875283446717
1 0.13605442176870747 0.7312925170068028 0.03401360544217688 0.020408163265306173
1 0.15306122448979592 0.7675736961451247 0.08786848072562359 0.029478458049886597
1 0.16085600907029476 0.8015873015873015 0.060941043083900207 0.020408163265306173
1 0.14810090702947845 0.828798185941043 0.032596371882086146 0.020408163265306173
1 0.18494897959183676 0.8843537414965986 0.07511337868480726 0.02721088435374156
1 0.18636621315192745 0.17233560090702948 0.14030612244897958 0.06349206349206347
1 0.6398809523809523 0.1893424036281179 0.04676870748299322 0.029478458049886632
1 0.6271258503401361 0.2834467120181406 0.05527210884353742 0.02267573696145121
0 0.70578231292517 0.3628117913832199 0.04251700680272109 0.06349206349206347
0 0.7057823129251701 0.4478458049886621 0.03968253968253961 0.06122448979591837
0 0.7064909297052153 0.5294784580498866 0.029761904761904816 0.04308390022675731
