1 0.2445652173913043 0.16149068322981366 0.18167701863354035 0.062111801242236045
1 0.7598990683229812 0.1728778467908903 0.09899068322981364 0.05590062111801242
1 0.27018633540372666 0.5973084886128365 0.2352484472049689 0.11387163561076612
1 0.2713509316770186 0.7194616977225672 0.24922360248447206 0.13043478260869548
1 0.4704948347664864 0.458592132505176 0.13741824096154434 0.15113871635610768
1 0.4588509316770185 0.5817805383022774 0.11878881987577636 0.08281573498964796
1 0.46700310559006203 0.7670807453416149 0.11878881987577629 0.1221532091097309
1 0.6032608695652173 0.43788819875776397 0.11413043478260874 0.09316770186335405
1 0.6032608695652173 0.619047619047619 0.12810559006211178 0.1407867494824017
1 0.5951086956521738 0.7732919254658384 0.11180124223602476 0.1469979296066252
1 0.7447593167701864 0.44927536231884063 0.12694099378881987 0.11594202898550726
1 0.7418478260869564 0.6035196687370601 0.139751552795031 0.12629399585921314
1 0.7447593167701863 0.7515527950310559 0.1432453416149069 0.11594202898550719
0 0.2783385093167702 0.3706004140786749 0.23524844720496893 0.31055900621118004
0 0.4716614906832298 0.2939958592132505 0.11645962732919252 0.16149068322981372
0 0.6067546583850931 0.2960662525879917 0.11878881987577643 0.1739130434782609
0 0.7401009316770185 0.30124223602484473 0.11995341614906835 0.16356107660455485
