1 0.19751166407464996 0.1714186970796614 0.3950233281492999 0.02211854155866601
1 0.568429237947123 0.2944530844997408 0.40902021772939356 0.1852427855538275
1 0.46189735614307936 0.4091834635642135 0.20217729393468126 0.04423708311733193
1 0.42690513219284604 0.5156385000864006 0.1384136858475894 0.11888716087782968
1 0.4844479004665627 0.7271374984700368 0.2566096423017108 0.21566055783254692
1 0.8320373250388802 0.2515984102298255 0.08398133748055983 0.06082598928633146
1 0.8779160186625193 0.35112229197271533 0.17884914463452575 0.12718161396232933
1 0.8709175738724727 0.4976671850699844 0.16174183514774498 0.14377052013132882
1 0.8530326594090201 0.5916638202409845 0.13530326594090197 0.03870744772766543
1 0.8818040435458786 0.6746155175393121 0.17729393468118204 0.09953343701399682
1 0.8561430793157075 0.7492655952998101 0.13530326594090197 0.03870744772766543
1 0.8786936236391912 0.8156212199758079 0.17729393468118204 0.06082598928633146
0 0.17185069984447898 0.44513564886815277 0.2846034214618973 0.47001900812165187
1 0.1640746500777605 0.7852082253326421 0.3032659409020218 0.15482979091066185
