0 0.24416796267496113 0.5833765336098151 0.29548989113530333 0.8128564022809747
1 0.5995334370139969 0.20183169172282703 0.28771384136858474 0.09400380162433039
1 0.542768273716952 0.35530773959939355 0.13685847589424566 0.15765671786769123
1 0.5979782270606532 0.5723172628304821 0.28771384136858474 0.2267150509763262
1 0.5007776049766719 0.8971833419733887 0.062208398133748094 0.06912044237083123
1 0.5124416796267496 0.9676861931916363 0.08864696734059095 0.04423708311733193
1 0.8499222395023328 0.17280110592707792 0.1010886469673406 0.047001900812165175
1 0.8849144634525661 0.28062182957224424 0.16485225505443238 0.15759460860549507
1 0.8608087091757387 0.3884401643996338 0.1259720062208399 0.05806117159149814
1 0.8732503888024883 0.4727838258164852 0.14774494556765164 0.09953343701399689
1 0.8522550544323484 0.5405218593398997 0.10575427682737171 0.02488335925349929
1 0.8911353032659409 0.6248487990323138 0.17107309486780722 0.12165197857266279
1 0.8678071539657853 0.7202350095040608 0.13685847589424568 0.08017971315016424
