1 0.19099378881987575 0.16045548654244307 0.06521739130434781 0.051759834368530024
1 0.7721273291925465 0.15838509316770186 0.07453416149068318 0.07246376811594202
1 0.46875 0.2971014492753623 0.2154503105590063 0.18012422360248442
1 0.46991459627329185 0.463768115942029 0.22476708074534157 0.1283643892339545
1 0.26261645962732916 0.5113871635610766 0.2061335403726708 0.045548654244306375
1 0.2544642857142857 0.5910973084886127 0.19215838509316768 0.06418219461697725
1 0.2567934782608695 0.6863354037267081 0.1898291925465838 0.09730848861283654
1 0.24689440993788814 0.7691511387163561 0.17934782608695649 0.05175983436852988
1 0.25621118012422356 0.860248447204969 0.20263975155279496 0.0890269151138716
1 0.43788819875776397 0.6128364389233955 0.1467391304347826 0.09937888198757762
1 0.4757375776397515 0.7401656314699793 0.22010869565217392 0.1428571428571429
1 0.4763198757763975 0.8685300207039337 0.22360248447204967 0.08488612836438932
1 0.6964285714285714 0.556935817805383 0.2166149068322981 0.09937888198757762
1 0.6987577639751552 0.6521739130434783 0.22360248447204958 0.0621118012422361
1 0.6999223602484471 0.736024844720497 0.21894409937888185 0.07246376811594203
1 0.702251552795031 0.8126293995859213 0.22360248447204967 0.0683229813664596
0 0.26086956521739124 0.3436853002070393 0.19332298136645956 0.25672877846790887
0 0.5450310559006212 0.6128364389233955 0.06288819875776397 0.09523809523809518
0 0.6993670663259414 0.3561076604554864 0.2015291637077848 0.2691511387163566
