1 0.04494382022471911 0.299625468164794 0.035955056179775284 0.03196004993757807
1 0.07921348314606741 0.4394506866416979 0.09775280898876403 0.02397003745318358
1 0.0550561797752809 0.5373283395755306 0.05393258426966291 0.02397003745318344
1 0.06404494382022471 0.6082397003745318 0.06741573033707864 0.02596754057428221
1 0.06123595505617978 0.3695380774032459 0.06404494382022471 0.027965043695380772
1 0.29775280898876405 0.22671660424469414 0.16629213483146066 0.04594257178526842
1 0.2876404494382022 0.31161048689138576 0.1595505617977528 0.019975031210986247
1 0.505056179775281 0.36853932584269655 0.5516853932584269 0.05393258426966291
1 0.48764044943820223 0.46142322097378274 0.5595505617977529 0.1318352059925094
1 0.4910112359550562 0.5892634207240949 0.5528089887640449 0.10387016229712849
1 0.4898876404494382 0.7980024968789013 0.5662921348314607 0.2936329588014981
0 0.8820224719101124 0.6392009987515606 0.2112359550561797 0.45543071161048687
