1 0.6376360808709175 0.37878002419215484 0.26438569206842916 0.3704855711076551
1 0.6104199066874029 0.6179367547952307 0.25038880248833584 0.11888716087782975
1 0.5777604976671852 0.6981164679453948 0.16951788491446343 0.030412994643165804
1 0.6065318818040436 0.811473993433558 0.24261275272161734 0.09676861931916364
1 0.6181959564541214 0.9110074304475549 0.2597200622083981 0.08570934853983062
0 0.26671850699844485 0.5709348539830654 0.297045101088647 0.693969241403145
1 0.8779160186625193 0.235009504060826 0.18195956454121315 0.049766718506998445
1 0.8771384136858476 0.3442198030067392 0.19284603421461896 0.1797131501641611
1 0.8569206842923793 0.45895973734231904 0.1399688958009331 0.038707447727665496
1 0.8779160186625193 0.5349922239502333 0.18506998444790057 0.09676861931916364
1 0.8483670295489892 0.6165543459478141 0.1135303265940901 0.03870744772766543
1 0.869362363919129 0.6967340590979783 0.18351477449455686 0.09400380162433038
1 0.854587869362364 0.7962674961119751 0.14463452566096408 0.06635562467599797
1 0.8763608087091758 0.866770347330223 0.16951788491446337 0.030412994643165804
