0 0.24805339265850945 0.47460140897293285 0.27586206896551724 0.49437646768013843
0 0.5417130144605118 0.8453837597330367 0.13348164627363737 0.06921270547521942
1 0.2452725250278087 0.7821035718699789 0.30812013348164624 0.07712272895810159
1 0.6601779755283649 0.2728958101594364 0.5172413793103448 0.05141515263873444
1 0.5127919911012236 0.32628846866889133 0.22246941045606236 0.03164009393152881
1 0.4682981090100111 0.3826473859844272 0.13125695216907673 0.05734767025089603
1 0.5005561735261402 0.4301075268817204 0.19577308120133488 0.017797552836484983
1 0.44438264738598443 0.4637251266839698 0.0767519466073415 0.02570757631936722
1 0.6229143492769744 0.5695216907675195 0.4382647385984427 0.17402051662340873
1 0.424916573971079 0.6941045606229145 0.042269187986651885 0.03955011741441112
1 0.5539488320355951 0.6871832900753924 0.1624026696329254 0.03757261154369047
1 0.53559510567297 0.7346434309726857 0.12124582869855388 0.017797552836484983
1 0.42046718576195774 0.8265974539611914 0.028921023359288114 0.04350512915585213
1 0.5200222469410456 0.9234952416264985 0.24360400444938818 0.027685082190087654
1 0.7625139043381535 0.9195402298850576 0.19911012235817566 0.03164009393152881
1 0.7458286985539488 0.1196391051785935 0.3125695216907676 0.03757261154369052
