1 0.6145451093124202 0.14507299270072996 0.5422456846874296 0.038321167883211674
1 0.5177613602077321 0.19069343065693428 0.6791898419065816 0.03832116788321162
1 0.512537526911031 0.2481751824817517 0.6945964013551132 0.07299270072992708
1 0.5151389009466547 0.3175182481751825 0.6222914762365263 0.06569343065693428
1 0.5306188003098081 0.3795620437956205 0.7462333470222245 0.062043795620437985
1 0.5138423392990404 0.44069343065693434 0.7436512247141891 0.05291970802919707
1 0.5344993177633234 0.5072992700729927 0.6300378431606324 0.07664233576642336
1 0.5383743347232421 0.5711678832116789 0.6377842100847387 0.047445255474452566
1 0.5228797673771642 0.6204379562043796 0.6584411885490217 0.047445255474452636
1 0.524170828531182 0.6678832116788321 0.6403663323927741 0.032846715328467155
1 0.5267474503456208 0.7226277372262773 0.7075015124016939 0.08029197080291965
