1 0.7419354838709676 0.11271783463107156 0.3070077864293658 0.04746014089729331
1 0.5383759733036707 0.2798170807069583 0.26918798665183546 0.06130268199233718
1 0.47385984427141264 0.35199604498825854 0.14015572858731928 0.07119021134593996
1 0.5350389321468297 0.4123099740452355 0.264738598442714 0.03757261154369054
1 0.41935483870967744 0.49042145593869735 0.028921023359288044 0.035595105672969966
1 0.421579532814238 0.6219255963416142 0.04449388209121245 0.041527623285131626
1 0.6351501668520578 0.6525769373377827 0.33815350389321464 0.10678531701890982
1 0.46941045606229137 0.774193548387097 0.14015572858731923 0.053392658509454946
1 0.5055617352614016 0.8186874304783092 0.20355951056729701 0.027685082190087654
1 0.44438264738598443 0.860215053763441 0.08120133481646277 0.027685082190087796
1 0.6223581757508342 0.9126189593375355 0.4304783092324805 0.06130268199233711
1 0.2235817575083426 0.8730688419231245 0.3403781979977753 0.09294277592386592
0 0.5239154616240266 0.5230503028055865 0.12458286985539481 0.12062785811395386
0 0.25083426028921024 0.5220615498702261 0.28142380422691887 0.5972067729576073
