1 0.10112359550561796 0.2696629213483146 0.13707865168539324 0.055930087390761545
1 0.07808988764044944 0.3815230961298377 0.09101123595505617 0.03595505617977523
1 0.08876404494382023 0.5473158551810237 0.09662921348314608 0.031960049937577964
1 0.06348314606741573 0.5862671660424469 0.07528089887640449 0.04993757802746565
1 0.07808988764044944 0.4514357053682896 0.08876404494382023 0.03196004993757803
1 0.0646067415730337 0.12983770287141072 0.07752808988764044 0.03196004993757803
1 0.46067415730337075 0.1727840199750312 0.5011235955056179 0.15780274656679152
1 0.24325842696629213 0.4054931335830212 0.0550561797752809 0.03595505617977523
1 0.2719101123595506 0.4604244694132335 0.11011235955056183 0.03795255930087393
1 0.4612359550561797 0.3136079900124844 0.49999999999999994 0.11186017478152309
1 0.4814606741573034 0.5473173514380433 0.5314606741573035 0.12784019975031213
1 0.4780898876404494 0.6981273408239701 0.5382022471910113 0.1617977528089888
1 0.4719101123595506 0.818976279650437 0.5213483146067416 0.07590511860174785
1 0.3252808988764045 0.8918851435705369 0.23707865168539327 0.03395755305867667
0 0.8657303370786517 0.656179775280899 0.23258426966292134 0.4334581772784021
0 0.8398876404494382 0.21872659176029963 0.23932584269662927 0.23770287141073657
1 0.8426966292134833 0.3775280898876405 0.2494382022471909 0.06791510611735334
1 0.8561797752808988 0.9128589263420724 0.20224719101123598 0.0719101123595506
