1 0.24044943820224723 0.11785268414481898 0.06516853932584273 0.051935081148564315
1 0.28820224719101123 0.2027465667915106 0.15842696629213485 0.03395755305867667
1 0.45112359550561804 0.24569288389513108 0.44382022471910126 0.03196004993757803
1 0.4932584269662922 0.3325842696629213 0.5662921348314608 0.13383270911360795
1 0.28146067415730336 0.4404494382022472 0.14269662921348314 0.053932584269662985
0 0.3898876404494382 0.6392009987515606 0.1617977528089888 0.2956304619225967
0 0.5769662921348315 0.6401997503121098 0.21011235955056187 0.28963795255930086
1 0.3887640449438202 0.8069912609238452 0.10112359550561806 0.03995006242197249
1 0.5820224719101124 0.8209737827715355 0.21797752808988777 0.051935081148564134
0 0.8241573033707865 0.41548064918851435 0.07752808988764044 0.1677902621722847
0 0.9123595505617978 0.4114856429463171 0.09213483146067404 0.16379525593008742
0 0.8269662921348315 0.5862656697854274 0.08314606741573043 0.1897627965043695
0 0.9056179775280898 0.5842696629213483 0.08314606741573044 0.181772784019975
0 0.8657303370786517 0.7790262172284644 0.16966292134831462 0.1917602996254682
1 0.06573033707865168 0.16279650436953808 0.07303370786516854 0.02596754057428214
1 0.07696629213483146 0.23470661672908866 0.08876404494382023 0.029962546816479405
1 0.08146067415730338 0.29862671660424467 0.0955056179775281 0.02996254681647944
1 0.0848314606741573 0.366541822721598 0.1089887640449438 0.03795255930087386
1 0.060674157303370786 0.42946317103620474 0.05393258426966291 0.027965043695380772
1 0.06235955056179774 0.4654182272159801 0.06179775280898875 0.027965043695380772
