1 0.06516853932584268 0.12883895131086143 0.0741573033707865 0.021972534332084893
1 0.04494382022471911 0.16179775280898878 0.02696629213483146 0.023970037453183508
1 0.07303370786516854 0.19675405742821475 0.08764044943820223 0.021972534332084914
1 0.07022471910112359 0.22971285892634208 0.06629213483146065 0.01997503121098628
1 0.07640449438202246 0.2616729088639201 0.08314606741573033 0.01997503121098628
1 0.06179775280898877 0.29862671660424467 0.05393258426966293 0.02197253433208484
1 0.10674157303370788 0.3415730337078651 0.15280898876404495 0.051935081148564245
1 0.07528089887640449 0.3835205992509363 0.0741573033707865 0.019975031210986247
1 0.07359550561797752 0.41647940074906364 0.07303370786516852 0.021972534332084875
1 0.09831460674157304 0.44943820224719105 0.12471910112359551 0.023970037453183508
1 0.08988764044943821 0.4853932584269663 0.09662921348314607 0.0359550561797753
1 0.07752808988764044 0.5173533083645443 0.07640449438202246 0.019975031210986316
1 0.07303370786516852 0.548314606741573 0.06741573033707864 0.017977528089887614
1 0.06573033707865168 0.583270911360799 0.0640449438202247 0.027965043695380772
1 0.0741573033707865 0.6142322097378278 0.07191011235955055 0.021972534332084806
1 0.06460674157303371 0.650187265917603 0.06404494382022471 0.029962546816479405
1 0.07303370786516855 0.685143570536829 0.0741573033707865 0.0279650436953807
1 0.08146067415730336 0.7191011235955057 0.0842696629213483 0.03595505617977537
1 0.06853932584269662 0.7480649188514357 0.06741573033707865 0.021972534332084875
1 0.07303370786516854 0.7840199750312109 0.08539325842696628 0.021972534332085018
1 0.06573033707865168 0.815980024968789 0.0550561797752809 0.021972534332084875
1 0.06516853932584268 0.847940074906367 0.06292134831460673 0.021972534332084875
1 0.052247191011235955 0.8838951310861424 0.04382022471910113 0.02596754057428214
1 0.3342696629213483 0.10586766541822723 0.248314606741573 0.02796504369538079
1 0.28370786516853935 0.13583021223470662 0.10224719101123597 0.023970037453183508
1 0.4359550561797752 0.20574282147315856 0.449438202247191 0.10786516853932587
1 0.4365168539325843 0.33158551810237197 0.44606741573033715 0.1278401997503121
1 0.43258426966292135 0.4724094881398252 0.4404494382022472 0.13383270911360795
1 0.4382022471910112 0.5802656791370338 0.45393258426966293 0.08589263420724094
0 0.7589887640449439 0.2746566791510612 0.16966292134831462 0.22571785268414485
1 0.7584269662921349 0.47839601247504293 0.1775280898876403 0.16579275905118598
1 0.2595505617977528 0.6521847690387017 0.08988764044943821 0.02596754057428214
1 0.3449438202247191 0.6831460674157305 0.23146067415730343 0.031960049937577964
1 0.43426966292134833 0.8169787765293384 0.450561797752809 0.2436953807740325
0 0.7601123595505618 0.8219725343320848 0.17415730337078641 0.229712858926342
