1 0.06741573033707864 0.12883895131086143 0.07191011235955054 0.02596754057428214
1 0.04662921348314606 0.16179775280898878 0.030337078651685386 0.02796504369538079
1 0.052247191011235955 0.19675405742821475 0.041573033707865165 0.021972534332084914
1 0.06910112359550562 0.22971285892634208 0.0797752808988764 0.027965043695380772
1 0.0544943820224719 0.26267166042446943 0.04382022471910112 0.021972534332084914
1 0.05168539325842697 0.2976279650436954 0.038202247191011236 0.023970037453183473
1 0.05393258426966291 0.32958801498127344 0.042696629213483134 0.023970037453183508
1 0.06235955056179774 0.36554307116104867 0.057303370786516844 0.023970037453183508
1 0.05337078651685394 0.3975031210986268 0.04606741573033708 0.027965043695380772
1 0.07808988764044944 0.4324594257178526 0.09325842696629212 0.021972534332084948
1 0.052808988764044947 0.4634207240948814 0.04494382022471909 0.02397003745318344
1 0.058426966292134834 0.49438202247191015 0.060674157303370786 0.025967540574282067
1 0.06516853932584268 0.5313358302122347 0.06292134831460673 0.023970037453183508
1 0.06123595505617978 0.5632958801498128 0.06179775280898877 0.01598002496878905
1 0.3089887640449438 0.133832709113608 0.19325842696629209 0.03595505617977528
0 0.300561797752809 0.23970037453183524 0.16966292134831465 0.16779026217228465
1 0.5258426966292135 0.32559300873907615 0.6449438202247191 0.33957553058676654
1 0.453370786516854 0.5852684144818977 0.4865168539325843 0.17178526841448197
1 0.35224719101123597 0.7001248439450686 0.2775280898876405 0.03395755305867667
1 0.4567415730337079 0.787016229712859 0.4820224719101124 0.11985018726591747
1 0.5292134831460674 0.8988764044943821 0.6382022471910112 0.0719101123595506
0 0.7741573033707866 0.5892634207240949 0.14831460674157299 0.16779026217228463
0 0.7758426966292135 0.7680399500624219 0.151685393258427 0.10586766541822726
