1 0.5269662921348315 0.17078651685393256 0.6314606741573033 0.15780274656679152
1 0.44719101123595506 0.28564294631710363 0.4764044943820225 0.047940074906367015
1 0.45 0.36853932584269666 0.4730337078651685 0.10187265917603
1 0.4455056179775281 0.5053682896379526 0.4775280898876404 0.1558052434456929
1 0.449438202247191 0.656179775280899 0.47415730337078643 0.13383270911360803
1 0.45112359550561804 0.8229712858926342 0.4752808988764046 0.17178526841448188
0 0.7679775280898876 0.7021223470661673 0.1449438202247191 0.20574282147315842
0 0.7646067415730338 0.3545568039950062 0.14719101123595493 0.18177278401997504
1 0.7646067415730338 0.48239700374531835 0.14044943820224717 0.06192259675405744
1 0.7679775280898876 0.8389513108614233 0.1449438202247191 0.055930087390761545
1 0.06573033707865168 0.1278401997503121 0.06853932584269662 0.03995006242197253
1 0.0550561797752809 0.1947565543071161 0.05842696629213484 0.021972534332084914
1 0.052808988764044947 0.2976279650436954 0.049438202247191025 0.0359550561797753
1 0.06685393258426967 0.36554307116104867 0.0797752808988764 0.0359550561797753
1 0.05786516853932584 0.43345817727840197 0.0550561797752809 0.02397003745318358
1 0.06179775280898877 0.500374531835206 0.05617977528089888 0.02596754057428221
1 0.06179775280898877 0.5642946317103621 0.060674157303370786 0.029962546816479405
