0 0.8808988764044944 0.2516853932584269 0.14606741573033702 0.3196004993757803
0 0.8814606741573034 0.650187265917603 0.14943820224719104 0.1977528089887641
0 0.8820224719101124 0.9218476903870163 0.14831460674157312 0.05393258426966284
1 0.06741573033707865 0.13183520599250936 0.0741573033707865 0.027965043695380772
1 0.05786516853932584 0.18476903870162295 0.0550561797752809 0.06192259675405742
1 0.05898876404494382 0.267665418227216 0.057303370786516844 0.09188514357053684
1 0.08988764044943821 0.401498127340824 0.11910112359550562 0.15980024968789017
1 0.09943820224719101 0.5353308364544319 0.13820224719101126 0.055930087390761545
1 0.09213483146067417 0.6222222222222221 0.11910112359550563 0.10586766541822719
1 0.09943820224719101 0.7420724094881399 0.13595505617977527 0.11785268414481904
1 0.08876404494382023 0.8579275905118601 0.15280898876404492 0.09388264669163547
1 0.3561797752808989 0.18377028714107368 0.2921348314606742 0.023970037453183542
1 0.5022471910112359 0.33857677902621724 0.5910112359550562 0.20574282147315856
1 0.49382022471910114 0.5023720349563046 0.5584269662921347 0.10986267166042438
1 0.4938202247191012 0.6022471910112359 0.5808988764044944 0.08589263420724087
1 0.4910112359550562 0.6731585518102372 0.5573033707865168 0.03595505617977523
1 0.506179775280899 0.8249687890137328 0.5808988764044944 0.21972534332084906
