0 0.24805339265850945 0.47657891484365345 0.27586206896551724 0.49042145593869735
1 0.24638487208008897 0.7811148189346188 0.30144605116796436 0.07910023482882224
1 0.7408231368186874 0.11667284637251266 0.3025583982202448 0.05537016438017549
1 0.660734149054505 0.28970461006056114 0.5228031145717464 0.0850327524409838
1 0.5116796440489433 0.3549623037943394 0.22024471635150164 0.03757261154369054
1 0.46273637374860954 0.4123099740452354 0.12235817575083424 0.06525769373377827
1 0.5022246941045606 0.46273637374860954 0.19466073414905444 0.027685082190087727
1 0.4471635150166852 0.49536522061549876 0.08453837597330363 0.021752564577926136
1 0.6268075639599554 0.5991842788283277 0.44605116796440486 0.1661104931405265
1 0.424916573971079 0.7277221604251638 0.03337041156840932 0.03164009393152895
1 0.5951056729699666 0.7188233840069214 0.23136818687430477 0.053392658509454946
1 0.5333704115684094 0.7652947719688542 0.11902113459399338 0.023730070448646643
1 0.4911012235817575 0.8948214065010505 0.17241379310344826 0.08503275244098375
1 0.7602892102335929 0.8631813125695217 0.20578420467185765 0.029662588060808303
