0 0.24943820224719102 0.4734082397003745 0.2808988764044944 0.4833957553058676
1 0.24606741573033708 0.7840199750312109 0.30112359550561796 0.07390761548064916
1 0.6640449438202247 0.27565543071161047 0.5213483146067416 0.06392009987515607
1 0.5151685393258427 0.32659176029962544 0.21460674157303367 0.025967540574282105
1 0.49438202247191015 0.38352059925093634 0.17528089887640447 0.06392009987515607
1 0.4432584269662921 0.4424469413233458 0.07752808988764053 0.029962546816479405
1 0.6207865168539325 0.5503121098626717 0.43483146067415723 0.1617977528089888
1 0.5359550561797753 0.6891385767790262 0.25617977528089886 0.03595505617977523
1 0.5398876404494382 0.7820224719101122 0.24831460674157305 0.09388264669163547
1 0.7398876404494382 0.11785268414481898 0.3202247191011236 0.051935081148564315
0 0.37041156840934375 0.11568409343715239 0.3781979977753059 0.06525769373377827
1 0.6379310344827586 0.9126189593375355 0.4593993325917685 0.041527623285131626
