1 0.07919254658385093 0.10351966873706005 0.044254658385093154 0.024844720496894422
1 0.15372670807453415 0.10248447204968944 0.09782608695652172 0.03933747412008282
1 0.48272515527950305 0.10559006211180125 0.06405279503105596 0.03312629399585923
1 0.8850931677018633 0.10455486542443064 0.04192546583850941 0.02691511387163562
1 0.484472049689441 0.1873706004140787 0.39363354037267084 0.06004140786749483
1 0.27775621118012417 0.2453416149068323 0.03377329192546579 0.018633540372670794
1 0.3639363354037266 0.24741200828157348 0.06871118012422364 0.02691511387163562
1 0.4932065217391304 0.2505175983436853 0.11063664596273298 0.028985507246376833
1 0.607919254658385 0.2494824016563147 0.05357142857142861 0.022774327122153225
1 0.6952639751552795 0.2515527950310559 0.04192546583850927 0.031055900621118012
0 0.483307453416149 0.32608695652173914 0.3237577639751552 0.051759834368530024
1 0.4833079111146937 0.5072463768115942 0.4798136645962731 0.11180124223602483
1 0.4320652173913044 0.7991718426501034 0.6801242236024845 0.19461697722567295
1 0.12228260869565215 0.6873706004140786 0.04891304347826088 0.02484472049689444
