1 0.6259720062208399 0.33039571453257294 0.3219284603421462 0.2681873163988249
1 0.5715396578538103 0.5031896540063207 0.20995334370139979 0.06082598928633139
1 0.5334370139968896 0.5889061689994817 0.13685847589424568 0.08847416623466386
1 0.526438569206843 0.6483378053495126 0.11975116640746501 0.030412994643165804
1 0.604199066874028 0.8017732433238739 0.28149300155520995 0.24330395714532574
1 0.8538102643856921 0.2488335925349922 0.09642301710730948 0.06635562467599794
1 0.8724727838258165 0.31517966193988306 0.16174183514774484 0.06635562467599794
1 0.8849144634525653 0.3898500446514834 0.17107309486780709 0.08296603020498815
1 0.8740279937791601 0.4631069638845689 0.14930015552099532 0.03594263003283224
1 0.8849144634525661 0.6041126663210644 0.17418351477449448 0.20736132711249355
1 0.8483670295489891 0.727147053741144 0.10419906687402801 0.03870744772766543
1 0.890357698289269 0.8128564022809747 0.17884914463452561 0.11612234318299641
1 0.8872472783825817 0.9234491100743044 0.17884914463452575 0.08847416623466386
0 0.2488335925349922 0.653879384828063 0.3856920684292379 0.4340763780888199
