0 0.250561797752809 0.5313358302122346 0.2786516853932584 0.6551810237203495
0 0.656741573033708 0.5113607990012484 0.37415730337078656 0.10387016229712856
1 0.7432584269662921 0.11785268414481898 0.31797752808988766 0.055930087390761545
1 0.5410112359550561 0.2606741573033708 0.2752808988764044 0.06192259675405744
1 0.47078651685393264 0.3325842696629213 0.1280898876404494 0.06192259675405744
1 0.5264044943820225 0.38951310861423216 0.23932584269662927 0.047940074906367015
1 0.42303370786516853 0.4684144818976279 0.025842696629213437 0.017977528089887614
1 0.42359550561797754 0.6022471910112359 0.04044943820224717 0.02596754057428214
1 0.5365168539325843 0.6032459425717852 0.1269662921348315 0.05193508114856428
1 0.5039325842696628 0.6461922596754057 0.19662921348314605 0.025967540574282067
1 0.4438202247191012 0.7001248439450686 0.09887640449438201 0.02596754057428214
1 0.6258426966292134 0.7850187265917603 0.444943820224719 0.13982521847690393
1 0.7966292134831461 0.8988764044943821 0.2 0.02397003745318344
1 0.22640449438202245 0.9098626716604246 0.3449438202247191 0.06192259675405751
