0 0.3365708403233626 0.31573498964803315 0.5194140571751015 0.4782608695652174
0 0.7919254658385093 0.2753623188405797 0.19798136645962727 0.1987577639751553
0 0.7895962732919254 0.593167701863354 0.1933229813664596 0.19668737060041416
1 0.7884337366620849 0.8664596273291927 0.19565629319994612 0.13871635610765984
1 0.7890139751552795 0.12525879917184266 0.18051242236024848 0.06418219461697722
1 0.7820263975155279 0.4296066252587991 0.1735248447204968 0.07660455486542439
1 0.7872670807453416 0.7298136645962733 0.1816770186335404 0.05590062111801245
1 0.28008540372670804 0.5755693581780538 0.40178571428571425 0.02898550724637687
1 0.2672748447204969 0.6325051759834368 0.3808229813664596 0.05590062111801238
1 0.265527950310559 0.7153209109730849 0.38431677018633537 0.08488612836438918
1 0.26203416149068315 0.8115942028985507 0.3796583850931676 0.07039337474120075
1 0.26086956521739124 0.8985507246376813 0.37499999999999994 0.0786749482401656
