1 0.453027950310559 0.16149068322981364 0.4611801242236025 0.033126293995859195
1 0.44836956521739124 0.2432712215320911 0.47049689440993786 0.05590062111801242
1 0.4530279503105589 0.34782608695652173 0.4681677018633539 0.09523809523809518
1 0.4565217391304347 0.46480331262939956 0.498447204968944 0.08074534161490682
1 0.4466226708074534 0.5973084886128364 0.4600155279503105 0.15942028985507237
1 0.828027950310559 0.15424430641821946 0.158385093167702 0.11387163561076605
1 0.8303571428571428 0.2763975155279503 0.16304347826086968 0.08488612836438922
1 0.8332686335403727 0.38405797101449274 0.15954968944099376 0.08488612836438918
0 0.4536102484472049 0.8312629399585921 0.4506987577639751 0.23395445134575568
0 0.7261257763975155 0.14078674948240166 0.045419254658385026 0.07867494824016562
0 0.7232142857142857 0.2815734989648033 0.04425465838509325 0.0910973084886129
0 0.7284549689440993 0.3861283643892339 0.04309006211180119 0.08488612836438918
