0 0.7707865168539325 0.22771535580524344 0.17078651685393254 0.2876404494382022
0 0.7724719101123596 0.5443196004993758 0.16966292134831462 0.19775280898876402
0 0.7696629213483146 0.8449438202247191 0.16179775280898867 0.1917602996254682
1 0.06573033707865168 0.12883895131086143 0.07528089887640448 0.02596754057428214
1 0.044382022471910115 0.1637952559300874 0.02808988764044944 0.023970037453183525
1 0.08314606741573033 0.19375780274656682 0.10112359550561799 0.027965043695380772
1 0.052808988764044947 0.23270911360799001 0.04494382022471909 0.017977528089887614
1 0.06179775280898876 0.264669163545568 0.06292134831460673 0.02596754057428214
1 0.07865168539325844 0.296629213483146 0.08539325842696628 0.02596754057428214
1 0.06460674157303371 0.32958801498127344 0.052808988764044947 0.019975031210986247
1 0.058988764044943826 0.3635455680399501 0.0303370786516854 0.015980024968788982
1 0.06910112359550562 0.3995006242197253 0.07303370786516855 0.023970037453183508
1 0.06573033707865168 0.4314606741573034 0.06179775280898877 0.019975031210986316
1 0.08370786516853933 0.46242197253433204 0.09550561797752807 0.02996254681647933
1 0.09719101123595505 0.4993757802746567 0.11797752808988765 0.02796504369538084
1 0.06404494382022471 0.5313358302122347 0.06741573033707864 0.027965043695380772
1 0.0741573033707865 0.5622971285892634 0.08539325842696628 0.021972534332084875
1 0.0550561797752809 0.5972534332084893 0.04494382022471911 0.019975031210986247
1 0.05617977528089888 0.6322097378277154 0.042696629213483155 0.021972534332084875
1 0.07191011235955055 0.6651685393258426 0.07191011235955055 0.03196004993757782
1 0.06460674157303371 0.6991260923845194 0.052808988764044947 0.02397003745318358
1 0.058426966292134834 0.7280898876404494 0.042696629213483155 0.021972534332084875
1 0.06629213483146067 0.7640449438202248 0.06292134831460673 0.029962546816479405
1 0.052808988764044947 0.7990012484394506 0.03820224719101124 0.02397003745318358
1 0.058426966292134834 0.8319600499375781 0.05617977528089888 0.02596754057428214
1 0.06629213483146067 0.8639200998751561 0.06516853932584268 0.025967540574281998
1 0.06123595505617978 0.8958801498127342 0.0550561797752809 0.021972534332084875
1 0.2842696629213483 0.12184769038701622 0.13707865168539324 0.03995006242197253
1 0.30337078651685395 0.1637952559300874 0.14606741573033705 0.031960049937578054
1 0.44719101123595506 0.21872659176029963 0.46067415730337075 0.07390761548064916
1 0.4488764044943821 0.32359550561797756 0.46629213483146076 0.10786516853932586
1 0.44550561797752813 0.44943820224719105 0.4707865168539327 0.13183520599250934
1 0.44213483146067417 0.5493133583021224 0.4528089887640449 0.05992509363295873
1 0.24943820224719102 0.6092384519350812 0.07415730337078649 0.031960049937577964
1 0.2859550561797753 0.6471910112359549 0.11797752808988765 0.02397003745318344
1 0.44438202247191005 0.7091136079900124 0.4685393258426966 0.07590511860174771
1 0.37134831460674156 0.7730337078651686 0.3067415730337079 0.0279650436953807
1 0.2646067415730337 0.8229712858926342 0.0955056179775281 0.03995006242197249
1 0.4483146067415731 0.8998751560549313 0.46741573033707867 0.08988764044943821
