1 0.7410112359550561 0.11785268414481898 0.31348314606741573 0.051935081148564315
1 0.5511235955056181 0.27965043695380776 0.2955056179775281 0.055930087390761545
1 0.4769662921348315 0.3525593008739076 0.15393258426966297 0.06591760299625463
1 0.48539325842696635 0.41348314606741576 0.16404494382022478 0.04394506866416975
1 0.4455056179775281 0.4534332084893883 0.08651685393258425 0.015980024968788982
1 0.6162921348314607 0.5652933832709114 0.4280898876404494 0.16379525593008742
1 0.6533707865168539 0.6821473158551811 0.48426966292134827 0.045942571785268595
1 0.8101123595505618 0.8209737827715355 0.23820224719101118 0.12384519350811488
1 0.4747191011235955 0.8249687890137328 0.151685393258427 0.11186017478152309
1 0.4629213483146068 0.9088639200998752 0.11910112359550568 0.0319600499375781
1 0.22528089887640448 0.7370786516853931 0.34044943820224716 0.10786516853932582
0 0.24943820224719104 0.4324594257178526 0.2876404494382023 0.449438202247191
