0 0.1796267496111975 0.46172455503715226 0.24105754276827374 0.481078278900985
1 0.5536547433903577 0.3013651287368239 0.401244167962675 0.1271816139623294
1 0.447900466562986 0.40089856575082083 0.18351477449455686 0.06082598928633146
1 0.4836702954898911 0.4548125108000691 0.2737169517884914 0.04147226542249868
1 0.4214618973561431 0.5004320027648177 0.13685847589424568 0.03870744772766543
1 0.43001555209953346 0.5626404008985658 0.1632970451010887 0.05806117159149814
1 0.4191290824261275 0.6165400130411535 0.13219284603421472 0.06082598928633146
1 0.48911353032659405 0.7838258164852254 0.2721617418351477 0.22395023328149308
1 0.8335925349922241 0.28615863141524106 0.0902021772939348 0.07465007776049766
1 0.8794712286158621 0.3552838514216257 0.19129082426127486 0.0968068404035922
1 0.8670295489891138 0.4188459925894692 0.1695178849144635 0.0525315362018317
1 0.8709175738724728 0.5419042681873164 0.1772939346811819 0.15482979091066185
1 0.8802488335925349 0.675997926386729 0.2052877138413686 0.10782789009849672
1 0.7713841368584758 0.6912044237083117 0.08709175738724738 0.01658890616899953
1 0.8872472783825817 0.8515638500086401 0.20684292379471217 0.22118541558665983
