1 0.295807453416149 0.11387163561076605 0.02562111801242235 0.024844720496894405
1 0.3639363354037266 0.11490683229813665 0.029114906832298074 0.043478260869565216
1 0.42565993788819867 0.11697722567287785 0.031444099378881984 0.031055900621118012
1 0.4885481366459627 0.11904761904761905 0.03610248447204967 0.03933747412008282
1 0.545613354037267 0.11594202898550725 0.05007763975155278 0.041407867494824016
1 0.6102484472049688 0.11387163561076605 0.034937888198757816 0.041407867494824016
1 0.6772127329192545 0.11594202898550725 0.03843167701863365 0.04554865424430641
1 0.8222049689440993 0.11697722567287785 0.1350931677018633 0.04761904761904763
0 0.11529503105590061 0.11387163561076605 0.07220496894409938 0.04968944099378882
0 0.17119565217391305 0.12111801242236023 0.01863354037267076 0.043478260869565216
1 0.2003105590062112 0.11697722567287784 0.03493788819875778 0.03519668737060042
1 0.11645962732919254 0.18944099378881987 0.0908385093167702 0.04761904761904759
1 0.09083850931677018 0.2515527950310559 0.02562111801242236 0.04347826086956523
1 0.15023291925465837 0.24223602484472054 0.07919254658385093 0.04554865424430641
1 0.21428571428571425 0.24430641821946172 0.03726708074534162 0.041407867494824016
1 0.257373030206247 0.24741200828157356 0.02796129532408041 0.04761904761904759
1 0.2952251552795031 0.24637681159420288 0.031444099378881984 0.04554865424430641
1 0.3284161490683229 0.2453416149068323 0.020962732919254635 0.035196687370600374
1 0.3569487577639751 0.24637681159420288 0.019798136645962784 0.041407867494824016
1 0.3977096273291925 0.2525879917184265 0.05007763975155271 0.04968944099378881
1 0.4390527950310558 0.2412008281573499 0.032608695652173905 0.03519668737060041
1 0.4786490683229813 0.2453416149068323 0.04658385093167709 0.031055900621118012
1 0.8717003105590061 0.2484472049689441 0.03610248447204967 0.05383022774327124
1 0.32434006211180116 0.55175983436853 0.5089285714285714 0.13871635610766042
1 0.11354813664596271 0.6438923395445135 0.07336956521739131 0.02070393374741215
1 0.16770186335403725 0.6977225672877847 0.09549689440993787 0.04140786749482416
1 0.7418478260869565 0.5041407867494824 0.10714285714285708 0.04347826086956516
1 0.7837732919254659 0.5838509316770186 0.17236024844720504 0.07453416149068318
1 0.7878493788819876 0.7080745341614906 0.1735248447204968 0.09523809523809518
1 0.7849378881987576 0.8291925465838509 0.1770186335403726 0.0683229813664596
0 0.33947981366459623 0.8581780538302277 0.5229037267080745 0.17598343685300208
0 0.08967391304347824 0.6935817805383023 0.0326086956521739 0.041407867494824016
1 0.08909161490683229 0.29089026915113875 0.03377329192546582 0.031055900621118012
1 0.12868788819875776 0.2908902691511387 0.02678571428571427 0.03519668737060041
1 0.17410714285714285 0.29296066252587993 0.043090062111801226 0.031055900621118012
1 0.22476708074534157 0.2960662525879917 0.03493788819875778 0.024844720496894405
1 0.2841614906832298 0.2898550724637681 0.06754658385093165 0.020703933747412043
1 0.35869565217391297 0.2950310559006211 0.05822981366459629 0.043478260869565195
1 0.4262422360248446 0.29296066252587993 0.058229813664596224 0.026915113871635653
0 0.483307453416149 0.39337474120082816 0.484472049689441 0.11180124223602483
