0 0.2713841368584759 0.5806117159149818 0.4276827371695179 0.7022636944876447
1 0.6244167962674961 0.25574563677207535 0.25038880248833595 0.14653533782616207
1 0.8413685847589424 0.2266959404341121 0.12130637636080879 0.07741489545533095
1 0.8662519440124415 0.30274753758424056 0.15241057542768274 0.07465007776049763
1 0.8724727838258164 0.36772075341282184 0.16485225505443238 0.049766718506998445
1 0.8646967340590979 0.44513564886815277 0.15552099533437017 0.09400380162433045
1 0.8545878693623638 0.5197857266286504 0.12286158631415234 0.04423708311733193
1 0.6158631415241058 0.3621911180231554 0.23017107309486767 0.06082598928633139
1 0.5738724727838258 0.436841195783653 0.15241057542768274 0.05529635389666488
1 0.6275272161741835 0.5391394504924831 0.24105754276827376 0.08294453084499744
1 0.6360808709175739 0.7160686724195968 0.27371695178849154 0.23224468636599277
1 0.8841368584758942 0.811473993433558 0.18818040435458797 0.17971315016416115
