1 0.6119751166407464 0.24606877484015896 0.31570762052877127 0.1824779678589943
1 0.5987558320373251 0.3677207534128219 0.29860031104199064 0.07188526006566441
1 0.5412130637636081 0.4423708311733195 0.17107309486780722 0.06082598928633146
1 0.6034214618973561 0.5612579920511491 0.317262830482115 0.07188526006566441
1 0.6018662519440124 0.7312751697411797 0.33281493001555207 0.246068774840159
0 0.2488335925349922 0.6054950751684811 0.3639191290824262 0.43131156039398655
1 0.8709175738724727 0.2363919129082426 0.15552099533437017 0.1520649732158286
1 0.8771384136858477 0.39812897042043405 0.17418351477449448 0.1050630724036634
1 0.8631415241057542 0.47969587005356834 0.14618973561430793 0.04700190081216519
1 0.8631415241057542 0.5474339035769828 0.15241057542768274 0.07741489545533099
1 0.8755832037325039 0.6912044237083117 0.17418351477449462 0.19906687402799392
1 0.8794712286158631 0.8612359343050029 0.17884914463452561 0.09123898392949713
1 0.8615863141524106 0.9727838258164851 0.13685847589424582 0.054432348367029565
