1 0.37558229813664595 0.23395445134575568 0.42740683229813653 0.16977225672877844
1 0.3674301242236025 0.3850931677018633 0.4180900621118013 0.10351966873706005
1 0.375 0.8695652173913043 0.4332298136645963 0.15320910973084892
1 0.6277173913043477 0.494824016563147 0.0628881987577639 0.03312629399585916
1 0.6533385093167701 0.5662525879917184 0.10947204968944092 0.07660455486542439
1 0.6626552795031055 0.6801242236024845 0.1350931677018634 0.11387163561076605
1 0.6632375776397516 0.8167701863354037 0.12927018633540371 0.1262939958592132
1 0.6539208074534162 0.9120082815734989 0.10597826086956516 0.04347826086956516
1 0.22243788819875776 0.679089026915114 0.08385093167701868 0.1283643892339545
1 0.3225931677018633 0.6770186335403727 0.08850931677018632 0.12422360248447191
1 0.42449534161490676 0.6645962732919256 0.07802795031055901 0.09937888198757762
1 0.5229037267080744 0.6718426501035196 0.08618012422360245 0.09316770186335405
1 0.0483307453416149 0.09834368530020704 0.04309006211180124 0.04761904761904763
1 0.0873447204968944 0.10662525879917185 0.027950310559006198 0.04347826086956523
1 0.11937111801242235 0.10351966873706005 0.029114906832298146 0.020703933747412008
1 0.1578027950310559 0.10869565217391304 0.04309006211180126 0.022774327122153205
1 0.1985636645962733 0.11076604554865423 0.038431677018633544 0.03933747412008282
1 0.249805900621118 0.10869565217391304 0.061723602484472055 0.043478260869565216
1 0.3039596273291925 0.10973084886128365 0.032608695652173905 0.03312629399585921
1 0.33947981366459623 0.11076604554865424 0.029114906832298146 0.031055900621118012
1 0.3837344720496894 0.10869565217391304 0.029114906832298146 0.031055900621118012
1 0.4186723602484472 0.10973084886128365 0.024456521739130467 0.03312629399585921
1 0.4594332298136645 0.10869565217391304 0.0454192546583851 0.031055900621118012
1 0.514751552795031 0.11283643892339544 0.05822981366459629 0.03105590062111803
1 0.5706521739130435 0.10766045548654243 0.0395962732919255 0.03312629399585923
1 0.6149068322981366 0.10766045548654243 0.027950310559006156 0.03312629399585923
1 0.65625 0.10351966873706005 0.03610248447204988 0.028985507246376815
1 0.7051630434782608 0.10973084886128363 0.05240683229813669 0.041407867494824016
0 0.09724378881987576 0.47929606625258797 0.10597826086956522 0.701863354037267
0 0.703416149068323 0.30227743271221535 0.19798136645962722 0.28571428571428575
0 0.8647127329192545 0.47929606625258797 0.10131987577639748 0.6894409937888198
0 0.8402562111801243 0.10351966873706005 0.06638198757763959 0.03312629399585921
0 0.9048913043478259 0.10559006211180125 0.03959627329192543 0.03312629399585923
0 0.7633928571428571 0.5683229813664596 0.06638198757763973 0.07246376811594203
0 0.7668866459627328 0.6583850931677019 0.06638198757763973 0.07039337474120089
0 0.7680512422360247 0.7826086956521741 0.06871118012422357 0.04554865424430645
0 0.7674689440993788 0.9161490683229814 0.07453416149068318 0.03933747412008273
0 0.22534937888198756 0.5662525879917184 0.0966614906832298 0.09316770186335412
0 0.3249223602484472 0.5652173913043478 0.093167701863354 0.09937888198757769
0 0.4250776397515527 0.5579710144927535 0.0885093167701863 0.08074534161490675
0 0.5229037267080745 0.5631469979296067 0.09549689440993787 0.09523809523809518
