0 0.2659409020217729 0.5488163124243995 0.27060653188180406 0.727147053741144
1 0.24650077760497666 0.9275963366165544 0.17262830482115088 0.01935372386383264
1 0.6205287713841369 0.35113184724382235 0.30793157076205296 0.2654224987039917
1 0.5365474339035771 0.5847589424572317 0.16485225505443238 0.20183169172282703
1 0.5956454121306376 0.8239156730603077 0.2892690513219284 0.21012614480732666
1 0.8569206842923794 0.22671027334077273 0.10886469673405913 0.055296353896664915
1 0.8825816485225505 0.3400725764644894 0.15396578538102645 0.14930015552099538
1 0.8701399688958008 0.447900466562986 0.1384136858475894 0.04423708311733193
1 0.8312597200622084 0.5004320027648177 0.06998444790046648 0.03870744772766543
1 0.8732503888024883 0.5432795105814028 0.1415241057542768 0.047001900812165334
1 0.8491446345256609 0.6110247105581476 0.11197511664074654 0.03870744772766543
1 0.8864696734059098 0.6856747883186451 0.17418351477449448 0.08847416623466402
1 0.8802488335925349 0.7838258164852254 0.17418351477449462 0.08570934853983062
1 0.8740279937791601 0.8640055296353896 0.17418351477449462 0.04147226542249868
1 0.8825816485225505 0.9455676516329704 0.11353032659409024 0.03317781233799906
