1 0.5023328149300155 0.32624848799032313 0.9611197511664074 0.03317781233799895
1 0.49144634525660963 0.39813374805598756 0.26127527216174184 0.05529635389666496
1 0.6368584758942457 0.5958182132365647 0.2566096423017108 0.2184205978918265
1 0.6088646967340591 0.7520304129946433 0.21306376360808713 0.07741489545533099
1 0.5614307931570762 0.8722999827198893 0.13374805598755835 0.12994643165716255
1 0.6174183514774494 0.9755486435113184 0.24572317262830481 0.04890271297736305
1 0.8724727838258164 0.5128736823915674 0.18351477449455672 0.07465007776049766
1 0.8631415241057543 0.6442025228961465 0.16174183514774484 0.1603594263003282
1 0.8740279937791601 0.7713841368584758 0.17418351477449462 0.09400380162433052
1 0.8600311041990669 0.8640270289953808 0.11197511664074654 0.002764817694833255
1 0.8639191290824261 0.8474166234663901 0.1384136858475894 0.052531536201831555
1 0.8779160186625193 0.935890789701054 0.1695178849144635 0.09123898392949713
0 0.26671850699844485 0.7723345429410748 0.3468118195956455 0.4553309141178503
