1 0.11054421768707483 0.282312925170068 0.1445578231292517 0.03401360544217688
1 0.10133219954648526 0.36281179138321995 0.12613378684807255 0.03628117913832199
1 0.07157029478458049 0.4387755102040816 0.06377551020408162 0.052154195011337945
1 0.08857709750566894 0.526077097505669 0.0864512471655329 0.02721088435374142
1 0.09920634920634919 0.6077097505668934 0.11904761904761903 0.03628117913832206
1 0.09353741496598637 0.6938775510204082 0.09353741496598637 0.04988662131519277
0 0.025510204081632654 0.2834467120181406 0.025510204081632654 0.0498866213151927
0 0.026927437641723354 0.3684807256235827 0.025510204081632654 0.052154195011337875
0 0.025510204081632654 0.4421768707482993 0.022675736961451243 0.03174603174603177
0 0.025510204081632654 0.5249433106575964 0.01984126984126984 0.0385487528344671
0 0.021967120181405897 0.6031746031746031 0.03259637188208617 0.04081632653061213
0 0.022675736961451243 0.6836734693877551 0.022675736961451243 0.06122448979591837
1 0.42233560090702943 0.19614512471655327 0.12755102040816324 0.052154195011337875
1 0.4379251700680273 0.2448979591836735 0.16723356009070295 0.03174603174603174
1 0.4485544217687075 0.30158730158730157 0.1828231292517007 0.0408163265306122
1 0.39186507936507936 0.3582766439909297 0.0807823129251701 0.04081632653061227
1 0.3869047619047619 0.4433106575963719 0.07369614512471649 0.024943310657596383
1 0.39186507936507936 0.489795918367347 0.06660997732426303 0.04081632653061227
1 0.42304421768707484 0.5702947845804989 0.1459750566893424 0.047619047619047734
1 0.389030612244898 0.6167800453514739 0.0779478458049887 0.03174603174603177
1 0.40887188208616776 0.6791383219954648 0.0949546485260771 0.03401360544217695
1 0.40249433106575966 0.7392290249433107 0.08786848072562357 0.02267573696145121
1 0.3939909297052154 0.7857142857142857 0.07653061224489796 0.03401360544217681
1 0.42162698412698413 0.8526077097505669 0.12613378684807258 0.040816326530612346
1 0.7589285714285714 0.854875283446712 0.12613378684807258 0.040816326530612346
1 0.8014455782312925 0.7947845804988662 0.029761904761904674 0.03401360544217681
1 0.802154195011338 0.7392290249433106 0.02834467120181401 0.03174603174603177
1 0.41454081632653056 0.9149659863945578 0.11479591836734691 0.024943310657596383
1 0.08999433106575964 0.19841269841269843 0.09778911564625851 0.052154195011337875
0 0.028344671201814057 0.1950113378684807 0.036848072562358274 0.04535147392290249
0 0.029053287981859407 0.1145124716553288 0.046768707482993194 0.04308390022675738
0 0.9750566893424036 0.11337868480725626 0.01984126984126988 0.0453514739229025
