0 0.25361512791991103 0.47262390310221236 0.27808676307007785 0.48646644419725615
1 0.5628476084538376 0.26201952787047333 0.32258064516129026 0.029662588060808303
1 0.5139043381535039 0.3005808923495241 0.22246941045606228 0.02768508219008776
1 0.4660734149054505 0.3579285626004202 0.11568409343715239 0.06328018786305761
1 0.5061179087875416 0.4063774564330738 0.19799777530589543 0.029662588060808234
1 0.4454949944382648 0.4370287974292424 0.09232480533926583 0.03164009393152888
1 0.6256952169076752 0.5438141144481523 0.45272525027808674 0.1700655048819676
1 0.42825361512791993 0.6743295019157088 0.04004449388209125 0.03164009393152895
1 0.5917686318131257 0.6604869608206649 0.2335928809788654 0.03955011741441112
1 0.5333704115684094 0.7030033370411569 0.12347052280311459 0.02570757631936715
1 0.4221357063403782 0.7989123717711037 0.02780867630700783 0.027685082190087654
0 0.57119021134594 0.8523050302805586 0.20133481646273643 0.13447039920899756
1 0.24360400444938818 0.7900135953528613 0.3114571746384872 0.0810777406995426
1 0.7424916573971079 0.1196391051785935 0.30367074527252497 0.05734767025089605
1 0.9104560622914348 0.2274131751328637 0.052280311457174516 0.039550117414411085
0 0.3720800889877643 0.11766159930787295 0.3815350389321469 0.06525769373377828
