0 0.25056179775280896 0.5243445692883896 0.28089887640449435 0.6092384519350812
1 0.22640449438202245 0.8769038701622971 0.34044943820224716 0.07990012484394499
1 0.4382022471910112 0.28264669163545564 0.06966292134831456 0.05792759051186017
1 0.4758426966292134 0.3485642946317104 0.1426966292134832 0.06192259675405744
1 0.5061797752808989 0.40749063670411984 0.20786516853932582 0.04394506866416983
1 0.5702247191011236 0.513358302122347 0.3359550561797752 0.0998751560549313
1 0.5859550561797753 0.6302122347066167 0.37191011235955057 0.057927590511860104
1 0.44550561797752813 0.6741573033707866 0.07528089887640448 0.017977528089887614
1 0.6252808988764045 0.781023720349563 0.44157303370786516 0.17178526841448188
1 0.7983146067415732 0.9098626716604246 0.1966292134831461 0.029962546816479405
1 0.7393258426966293 0.11785268414481898 0.3033707865168539 0.03995006242197253
