1 0.6143079315707606 0.20988845743853826 0.31415241057542737 0.11033710429121561
0 0.2612752721617418 0.48384309659581815 0.2581648522550544 0.31518921721099014
1 0.5769828926905132 0.4022809745982374 0.11197511664074639 0.11888716087782968
1 0.5692068429237946 0.5004320027648177 0.11197511664074639 0.03870744772766543
1 0.5808709175738724 0.6552617936754795 0.12286158631415234 0.22671505097632633
1 0.7115085536547434 0.6635562467599793 0.11975116640746492 0.19906687402799378
1 0.8561430793157077 0.19077242094349406 0.11664074650077766 0.049766718506998445
1 0.8748055987558321 0.2515888549587184 0.16640746500777595 0.07188526006566445
1 0.8786936236391912 0.3621911180231554 0.17729393468118204 0.10506307240366343
1 0.858475894245723 0.4230099408561564 0.13063763608087087 0.022118541558665966
1 0.8716951788491446 0.5114912735441507 0.14774494556765164 0.11612234318299634
1 0.843701399688958 0.5819797918557379 0.09486780715396577 0.03594263003283224
1 0.8872472783825817 0.6759979263867288 0.17262830482115077 0.13547606704682913
1 0.5583203732503889 0.8501814411612234 0.05909797822706075 0.12441679626749619
1 0.6298600311041991 0.8667703473302228 0.07153965785381032 0.04700190081216519
1 0.6998444790046656 0.8681527561776394 0.049766718506998445 0.049766718506998445
1 0.7604976671850698 0.873682391567306 0.04043545878693621 0.04423708311733193
