0 0.25280898876404495 0.5193508114856429 0.2831460674157304 0.615230961298377
1 0.22752808988764045 0.8789013732833957 0.34269662921348315 0.07590511860174771
1 0.46853932584269664 0.286641697877653 0.13033707865168537 0.05393258426966291
1 0.48146067415730337 0.35056179775280893 0.1561797752808988 0.06991260923845186
1 0.5174157303370787 0.4084893882646692 0.22134831460674156 0.03795255930087386
1 0.44213483146067417 0.45842696629213486 0.07752808988764037 0.02596754057428214
1 0.6196629213483146 0.5642946317103621 0.42808988764044953 0.16579275905118598
1 0.47528089887640446 0.7220973782771535 0.1460674157303371 0.09787765293383259
1 0.8067415730337079 0.6961298377028714 0.21573033707865163 0.03795255930087379
1 0.4932584269662922 0.8369538077403246 0.17977528089887643 0.08389513108614224
1 0.7387640449438203 0.12784019975031213 0.3157303370786518 0.05992509363295881
