1 0.06685393258426967 0.133832709113608 0.09325842696629212 0.01997503121098628
1 0.05337078651685394 0.19375780274656682 0.052808988764044947 0.027965043695380772
1 0.07977528089887641 0.2956304619225968 0.10112359550561799 0.031960049937578
1 0.05168539325842696 0.3565543071161049 0.049438202247191004 0.045942571785268387
1 0.060674157303370786 0.43345817727840197 0.06516853932584268 0.02397003745318358
1 0.06741573033707865 0.4664169787765293 0.0696629213483146 0.03395755305867667
1 0.5078651685393258 0.17478152309612985 0.5887640449438203 0.13782771535580524
1 0.5073033707865169 0.3405742821473159 0.5853932584269663 0.18976279650436953
1 0.2404494382022472 0.4694132334581773 0.049438202247191046 0.03595505617977523
1 0.3578651685393258 0.5692883895131087 0.2595505617977528 0.0359550561797753
1 0.37921348314606745 0.6002496878901373 0.3314606741573034 0.04194756554307119
1 0.3185393258426966 0.6931335830212235 0.20337078651685392 0.13583021223470673
1 0.5820224719101124 0.7890137328339576 0.7483146067415731 0.05992509363295881
1 0.26179775280898876 0.8529338327091136 0.11685393258426963 0.05992509363295881
1 0.4960674157303371 0.911860174781523 0.5921348314606741 0.05792759051186024
0 0.8870786516853932 0.23570536828963795 0.15842696629213493 0.25568039950062427
