1 0.06516853932584268 0.1268414481897628 0.07640449438202246 0.03395755305867667
1 0.04662921348314606 0.16679151061173536 0.032584269662921356 0.03395755305867663
1 0.10730337078651685 0.1957493208395872 0.15842696629213482 0.03995006242197256
1 0.05786516853932584 0.2317103620474407 0.059550561797752796 0.023970037453183508
1 0.06292134831460673 0.2636704119850187 0.06516853932584268 0.03196004993757803
1 0.09943820224719101 0.3006242197253433 0.13146067415730336 0.03395755305867667
1 0.09213483146067414 0.3305837740277836 0.12359550561797752 0.029962546816479405
1 0.10280898876404494 0.37453183520599254 0.14269662921348314 0.04194756554307112
1 0.06516853932584268 0.4114856429463171 0.07865168539325842 0.03196004993757803
1 0.058426966292134834 0.4444444444444444 0.05393258426966291 0.029962546816479405
1 0.05393258426966292 0.4754042465644537 0.04494382022471909 0.03196004993757803
1 0.060674157303370786 0.5153558052434457 0.060674157303370786 0.03196004993757803
1 0.08314606741573033 0.5513093651662013 0.09438202247191013 0.027965043695380765
1 0.05393258426966291 0.5842696629213484 0.042696629213483134 0.025967540574282067
1 0.052808988764044947 0.6172284644194757 0.05393258426966293 0.027965043695380772
1 0.04606741573033708 0.6461922596754057 0.0404494382022472 0.025967540574282067
1 0.058426966292134834 0.6841448189762797 0.060674157303370786 0.029962546816479405
1 0.06404494382022471 0.7161018763998186 0.0741573033707865 0.02596754057428214
0 0.7691011235955056 0.23870162297128586 0.14943820224719104 0.19775280898876402
0 0.7674157303370787 0.5423220973782772 0.14831460674157312 0.27365792759051183
1 0.7713483146067417 0.3635455680399501 0.16067415730337076 0.047940074906367085
1 0.7629213483146069 0.7350811485642946 0.14382022471910105 0.10387016229712856
1 0.2949438202247191 0.10886392009987515 0.16966292134831462 0.02596754057428214
1 0.4455056179775281 0.17677902621722846 0.46179775280898866 0.08589263420724097
1 0.44606741573033715 0.2876404494382022 0.4696629213483147 0.12384519350811483
1 0.32471910112359553 0.38052434456928835 0.2269662921348315 0.029962546816479405
1 0.3191011235955056 0.4114856429463171 0.18876404494382018 0.019975031210986247
1 0.4460674157303371 0.4853932584269663 0.46741573033707867 0.10786516853932582
1 0.4488764044943821 0.5722846441947566 0.48426966292134843 0.049937578027465575
1 0.44943820224719105 0.6721598002496879 0.47865168539325853 0.12584269662921335
1 0.2573033707865169 0.7640449438202248 0.10337078651685391 0.03795255930087393
1 0.3471910112359551 0.7960049937578028 0.23820224719101124 0.01398252184769035
1 0.5308988764044943 0.8789013732833958 0.6528089887640449 0.12784019975031213
