1 0.04494382022471909 0.16579275905118598 0.03820224719101123 0.01997503121098628
1 0.10168539325842697 0.23071161048689137 0.14269662921348314 0.03795255930087393
1 0.057303370786516844 0.29862671660424467 0.049438202247191004 0.02996254681647944
1 0.08314606741573036 0.3695365811462264 0.10337078651685395 0.023970037453183508
1 0.05168539325842697 0.4334551847643629 0.042696629213483155 0.02397003745318344
1 0.4887640449438202 0.14282147315855181 0.5573033707865168 0.08589263420724094
1 0.4853932584269663 0.28564294631710363 0.546067415730337 0.17977528089887637
1 0.4949438202247191 0.44144818976279654 0.5629213483146068 0.11585518102372035
1 0.23876404494382023 0.5313358302122347 0.06853932584269667 0.027965043695380772
1 0.49438202247191015 0.666167290886392 0.5685393258426967 0.20574282147315856
1 0.49438202247191015 0.8629213483146069 0.5707865168539326 0.16779026217228463
0 0.8752808988764045 0.19775280898876407 0.1887640449438203 0.13583021223470662
0 0.8646067415730337 0.3635455680399501 0.15393258426966297 0.15980024968789017
0 0.8640449438202248 0.56729088639201 0.15730337078651688 0.20774032459425726
