1 0.5614307931570762 0.25989286331432526 0.37636080870917576 0.22118541558665974
1 0.43779160186625193 0.5211514137516295 0.13219284603421463 0.09123898392949718
1 0.5132192846034215 0.6110247105581476 0.29237947122861585 0.08847416623466393
1 0.5645412130637636 0.7769137722481423 0.3950233281493 0.2377743217556592
1 0.8553654743390358 0.20044928287541042 0.12441679626749619 0.06912044237083116
1 0.8646967340590979 0.24606877484015896 0.15552099533437017 0.049766718506998445
1 0.8833592534992224 0.3442198030067393 0.1804043545878693 0.10229825470883018
1 0.8678071539657853 0.5114912735441507 0.16174183514774498 0.1493001555209954
1 0.874805598755832 0.6165543459478141 0.1695178849144635 0.03870744772766543
1 0.8810264385692069 0.6815275617763953 0.17884914463452561 0.0525315362018317
1 0.853810264385692 0.7465007776049768 0.14618973561430793 0.06635562467599797
1 0.8763608087091757 0.811473993433558 0.1664074650077761 0.058061171591498206
0 0.20995334370139968 0.42578192500431994 0.30171073094867806 0.5087264558493174
1 0.8825816485225505 0.9151546569898048 0.13530326594090197 0.11059270779332991
