1 0.6493001555209953 0.4133306901064634 0.2783825816485226 0.10782789009849665
1 0.6213063763608088 0.49351995852773456 0.20684292379471236 0.04147226542249875
1 0.6189735614307931 0.53637463279765 0.2208398133748056 0.049766718506998445
1 0.5925349922239502 0.576454934101625 0.17418351477449456 0.03041299464316573
1 0.5785381026438569 0.682909970623812 0.1244167962674961 0.049766718506998445
1 0.5583203732503889 0.7133229652669777 0.0839813374805599 0.022118541558665897
1 0.5762052877138414 0.7589424572317263 0.1135303265940901 0.05806117159149807
1 0.838258164852255 0.40366338344565406 0.06842923794712277 0.05529635389666496
1 0.8771384136858481 0.4603540902786195 0.14930015552099535 0.06914433054859871
1 0.8779160186625193 0.5501987212718161 0.1632970451010887 0.08294453084499744
1 0.8709175738724727 0.620701572490064 0.1430793157076205 0.03594263003283217
1 0.8755832037325039 0.7064109210298946 0.14930015552099532 0.10229825470883014
1 0.8429237947122862 0.7796714234896452 0.08709175738724724 0.027648176948332548
1 0.8771384136858476 0.8640055296353897 0.15552099533437017 0.11888716087782968
1 0.8856920684292379 0.9607741489545534 0.17262830482115077 0.07465007776049759
0 0.26982892690513216 0.6967913907246208 0.4525660964230171 0.49766718506998436
