1 0.2646067415730337 0.10786516853932585 0.10224719101123597 0.03196004993757803
1 0.35730337078651686 0.1478107421902397 0.2561797752808989 0.023970037453183508
1 0.496067415730337 0.24269662921348314 0.5831460674157303 0.1578027465667915
1 0.7421348314606742 0.5133583021223471 0.4101123595505618 0.37153558052434454
0 0.8792134831460675 0.3945068664169788 0.14719101123595507 0.27765293383270917
1 0.7511235955056179 0.8369538077403246 0.4146067415730339 0.21972534332084892
0 0.3769662921348315 0.49538077403245945 0.31348314606741573 0.2956304619225968
0 0.3752808988764045 0.7950062421972536 0.31685393258426964 0.2876404494382022
1 0.06573033707865168 0.12983770287141072 0.07303370786516854 0.023970037453183508
1 0.06853932584269663 0.2686641697877653 0.08539325842696631 0.03795255930087393
1 0.08146067415730336 0.5632958801498128 0.11123595505617978 0.031960049937577964
1 0.08764044943820226 0.6631710362047439 0.11235955056179776 0.019975031210986316
1 0.07921348314606741 0.7350811485642947 0.09101123595505617 0.02397003745318344
1 0.08258426966292134 0.45942571785268416 0.10224719101123596 0.031960049937577964
1 0.060112359550561795 0.3645443196004994 0.052808988764044947 0.02596754057428214
