1 0.07808988764044943 0.21173533083645446 0.09775280898876403 0.19176029962546817
1 0.12191011235955054 0.38252184769038705 0.1831460674157303 0.12983770287141078
1 0.08820224719101123 0.5822721598002496 0.11573033707865168 0.26167290886392003
1 0.4910112359550562 0.24568839512407237 0.5707865168539327 0.3076154806491885
0 0.2921348314606742 0.2506866416978777 0.15955056179775284 0.2416978776529338
1 0.5898876404494382 0.4484394506866417 0.746067415730337 0.08988764044943821
0 0.8780898876404494 0.24269662921348314 0.15393258426966297 0.2257178526841448
1 0.26685393258426965 0.5153558052434457 0.1089887640449438 0.027965043695380772
1 0.4926966292134831 0.6421972534332084 0.553932584269663 0.20574282147315862
1 0.5943820224719102 0.8449438202247191 0.750561797752809 0.19575530586766546
0 0.8719101123595506 0.5822721598002496 0.17078651685393254 0.16179775280898873
1 0.8668539325842697 0.7220973782771536 0.16067415730337076 0.10586766541822726
