1 0.5940902021772936 0.18255443988807304 0.28615863141524156 0.052048995010924054
0 0.2247278382581648 0.5172908453425916 0.4183514774494558 0.5866191148600018
1 0.5482115085536547 0.2529808190772421 0.1819595645412131 0.06359080698116468
1 0.5202177293934681 0.37601520649732156 0.12908242612752716 0.08847416623466386
1 0.5987558320373251 0.4658717815794022 0.2768273716951788 0.04147226542249875
1 0.6080870917573872 0.631760843269397 0.3265940902021772 0.2626576810091585
1 0.4984447900466563 0.9538621047174702 0.08553654743390361 0.08294453084499737
1 0.8398133748055987 0.20736132711249355 0.10575427682737171 0.06082598928633143
1 0.8755832037325039 0.33177812337998963 0.16485225505443238 0.17694833246932778
1 0.8569206842923797 0.44513564886815277 0.14618973561430793 0.049766718506998445
1 0.8685847589424571 0.525315362018317 0.15707620528771385 0.09953343701399696
1 0.8351477449455676 0.5833765336098151 0.07776049766718501 0.027648176948332548
1 0.8802488335925349 0.6704682909970623 0.17418351477449462 0.12994643165716255
1 0.8701399688958008 0.778296181095559 0.16018662519440127 0.07465007776049774
1 0.8732503888024883 0.8944185242785554 0.16018662519440127 0.1354760670468292
