1 0.34038840159286265 0.14612326043737575 0.45572662031441125 0.025844930417495037
1 0.31788338330573124 0.18886679920477134 0.2644339648737941 0.015904572564612317
1 0.471198820386814 0.25944333996023855 0.5766910936077425 0.11332007952286278
1 0.46979225674386826 0.3727634194831014 0.5682517117500683 0.12127236580516897
0 0.4740119476727054 0.4910536779324056 0.5766910936077425 0.11133200795228625
1 0.23630269201487983 0.5825049701789264 0.1294038551510056 0.01988071570576544
1 0.4754185113156511 0.6232604373757455 0.5963829846089825 0.049701789264413494
1 0.4796382022444882 0.6809145129224652 0.6217011301820053 0.06163021868787268
1 0.4979235296027826 0.7335984095427435 0.5682517117500683 0.031809145129224704
1 0.4951104023168911 0.7932405566600397 0.5738779663218511 0.08349900596421478
