0 0.29269662921348316 0.2696629213483146 0.14719101123595504 0.17977528089887643
0 0.2696629213483146 0.7390761548064918 0.10337078651685395 0.23570536828963795
1 0.08033707865168538 0.21273408239700373 0.10224719101123593 0.19775280898876402
1 0.1050561797752809 0.3445692883895131 0.15617977528089888 0.05792759051186014
1 0.062359550561797754 0.446441947565543 0.06404494382022471 0.12184769038701625
1 0.07808988764044944 0.6122347066167291 0.09325842696629212 0.19375780274656676
1 0.248876404494382 0.11685393258426967 0.0685393258426966 0.029962546816479405
1 0.5831460674157303 0.2956304619225968 0.7325842696629213 0.3196004993757802
1 0.29606741573033707 0.4993757802746566 0.18089887640449437 0.07990012484394506
1 0.2904494382022472 0.5752808988764044 0.15842696629213485 0.06791510611735341
1 0.6449438202247189 0.7096630148643777 0.624719101123596 0.1968660896725533
1 0.41235955056179774 0.853932584269663 0.15280898876404492 0.05792759051186024
1 0.551123595505618 0.9148564294631711 0.43258426966292135 0.047940074906367015
