1 0.33370786516853934 0.3755275942525027 0.19775280898876407 0.031960049937577964
1 0.36741573033707864 0.4054931335830213 0.2786516853932584 0.027965043695380772
1 0.41235955056179774 0.5423220973782772 0.39550561797752803 0.22971285892634208
1 0.4140449438202248 0.7061173533083647 0.398876404494382 0.07790262172284641
1 0.4129213483146067 0.7790262172284644 0.39662921348314606 0.047940074906367015
1 0.4117977528089888 0.8749063670411985 0.3966292134831461 0.12784019975031213
1 0.24831460674157302 0.21972534332084895 0.06292134831460672 0.047940074906367015
1 0.058426966292134834 0.33558052434456925 0.05617977528089888 0.023970037453183508
1 0.046629213483146074 0.3036204744069913 0.03932584269662922 0.031960049937578
1 0.06629213483146067 0.2686641697877653 0.07191011235955055 0.03395755305867667
1 0.058988764044943826 0.36853932584269666 0.04831460674157304 0.02596754057428214
1 0.06235955056179774 0.4024968789013733 0.06179775280898875 0.029962546816479405
1 0.050561797752808994 0.43845193508114855 0.04494382022471911 0.021972534332084875
1 0.0550561797752809 0.468414481897628 0.04719101123595506 0.02996254681647933
1 0.060112359550561795 0.5043695380774033 0.06179775280898876 0.02596754057428214
1 0.07359550561797752 0.5383270911360799 0.0797752808988764 0.029962546816479474
1 0.07078651685393259 0.570287141073658 0.08089887640449439 0.017977528089887614
1 0.06404494382022471 0.6032459425717852 0.06741573033707864 0.019975031210986174
1 0.052247191011235955 0.6332084893882647 0.04382022471910113 0.019975031210986316
1 0.050561797752808994 0.6671660424469414 0.035955056179775284 0.019975031210986316
1 0.07247191011235955 0.7011235955056179 0.08876404494382023 0.0279650436953807
1 0.057303370786516844 0.7350811485642947 0.049438202247191004 0.02397003745318344
1 0.05617977528089888 0.768039950062422 0.058426966292134834 0.021972534332084875
1 0.05168539325842696 0.8009987515605493 0.04719101123595506 0.02397003745318358
1 0.04606741573033707 0.8339575530586765 0.03595505617977528 0.017977528089887614
1 0.058426966292134834 0.8669163545568039 0.05617977528089888 0.0279650436953807
1 0.06516853932584268 0.9058676654182273 0.06516853932584268 0.03395755305867667
1 0.06292134831460673 0.936828963795256 0.060674157303370786 0.01198501872659179
1 0.6797752808988764 0.2686641697877653 0.03146067415730329 0.017977528089887614
1 0.7252808988764045 0.2706616729088639 0.04606741573033702 0.02197253433208484
1 0.7820224719101122 0.2746566791510612 0.05168539325842701 0.029962546816479366
1 0.8308988764044943 0.2746566791510612 0.03483146067415717 0.021972534332084914
0 0.7342696629213483 0.6911360799001248 0.23033707865168546 0.5113607990012485
