1 0.5420918367346939 0.16213151927437638 0.06377551020408155 0.01587301587301587
1 0.5399659863945577 0.24603174603174605 0.06519274376417229 0.0385487528344671
1 0.5350056689342404 0.2845804988662131 0.04676870748299308 0.03401360544217688
1 0.5888605442176871 0.2834467120181406 0.041099773242630346 0.03174603174603177
1 0.6462585034013606 0.2913832199546485 0.03968253968253968 0.034013605442176846
1 0.5598072562358276 0.3208616780045351 0.12188208616780045 0.04308390022675731
1 0.562641723356009 0.35714285714285715 0.11337868480725617 0.024943310657596383
1 0.6001984126984127 0.40702947845804993 0.18282312925170074 0.074829931972789
1 0.5548469387755102 0.4671201814058956 0.0949546485260771 0.04535147392290249
1 0.560515873015873 0.5192743764172336 0.09495464852607703 0.058956916099773264
1 0.5548469387755102 0.5827664399092971 0.09212018140589563 0.02267573696145135
1 0.6441326530612244 0.6258503401360545 0.2565192743764173 0.045351473922902556
1 0.6356292517006803 0.6757369614512472 0.23667800453514737 0.04535147392290242
1 0.6349206349206349 0.7142857142857143 0.22675736961451243 0.01360544217687078
1 0.6398809523809524 0.7392290249433107 0.2395124716553289 0.02721088435374156
1 0.6363378684807256 0.7664399092970521 0.22108843537414963 0.018140589569160995
1 0.6490929705215419 0.7902494331065759 0.25793650793650796 0.029478458049886597
1 0.6398809523809522 0.8265306122448979 0.25085034013605445 0.03401360544217695
1 0.8864795918367346 0.23015873015873015 0.16865079365079352 0.07029478458049887
1 0.8241213151927438 0.15419501133786848 0.04393424036281175 0.040816326530612235
1 0.8262471655328798 0.28458049886621317 0.04818594104308374 0.024943310657596383
1 0.8241213151927438 0.40589569160997735 0.04393424036281175 0.03174603174603177
1 0.8829365079365078 0.34807256235827666 0.1729024943310658 0.06122448979591841
1 0.2813208616780045 0.19160997732426302 0.13747165532879818 0.04308390022675738
1 0.8843537414965986 0.4648526077097506 0.09070294784580511 0.027210884353741492
1 0.8857709750566891 0.4965986394557823 0.06802721088435376 0.02721088435374156
