1 0.07808988764044943 0.18277153558052434 0.09775280898876403 0.12983770287141072
1 0.1 0.3285892634207241 0.1393258426966292 0.15380774032459424
1 0.09606741573033709 0.5642946317103621 0.13146067415730336 0.2896379525593008
1 0.25 0.10486891385767791 0.07752808988764044 0.01797752808988763
1 0.5758426966292135 0.3136079900124844 0.6932584269662923 0.39550561797752803
1 0.33370786516853934 0.5233458177278402 0.23820224719101118 0.04394506866416983
1 0.2595505617977528 0.5712858926342073 0.09213483146067418 0.03196004993757803
1 0.5353932584269663 0.6092384519350812 0.6393258426966293 0.02397003745318358
1 0.5780898876404494 0.6631710362047442 0.7292134831460675 0.07191011235955053
0 0.451123595505618 0.7930087390761549 0.14044943820224717 0.17178526841448188
0 0.5898876404494382 0.7930087390761549 0.13033707865168537 0.16379525593008737
0 0.7258426966292134 0.7960049937578028 0.13932584269662926 0.17378277153558058
1 0.4578651685393258 0.9188514357053683 0.12022471910112359 0.055930087390761545
1 0.5859550561797753 0.9108614232209737 0.12022471910112373 0.055930087390761545
1 0.7241573033707865 0.9188514357053683 0.12471910112359552 0.055930087390761545
