0 0.11692176870748298 0.5487528344671202 0.08928571428571429 0.15873015873015867
1 0.11267006802721041 0.6457295834691493 0.1969954648526069 0.027064408293137086
1 0.08859408864527243 0.6687254583751755 0.023801396949476174 0.012694078373054226
1 0.09123868830632534 0.6909400955280198 0.08859408864527243 0.016925437830738587
1 0.03404922063605619 0.6935846951890728 0.019173347542633598 0.013751918237475139
1 0.06413154178053303 0.7142125725452854 0.09123868830632535 0.02327247701726563
1 0.11763038548752835 0.373015873015873 0.11337868480725626 0.047619047619047665
1 0.07086167800453513 0.2936507936507936 0.13038548752834467 0.029478458049886632
1 0.10629251700680273 0.3299319727891157 0.19557823129251703 0.029478458049886632
1 0.3812358276643991 0.21541950113378683 0.147392290249433 0.040816326530612235
1 0.4386337868480726 0.30272108843537415 0.13463718820861678 0.020408163265306135
0 0.3210034013605442 0.264172335600907 0.024092970521541978 0.04308390022675734
1 0.3713151927437642 0.26643990929705214 0.06802721088435376 0.02494331065759635
1 0.3869047619047619 0.3231292517006803 0.17006802721088438 0.01587301587301585
1 0.4832766439909297 0.3469387755102041 0.3543083900226756 0.022675736961451278
1 0.5449263038548753 0.4183673469387755 0.4776077097505669 0.10657596371882086
1 0.54421768707483 0.5045351473922902 0.47335600907029474 0.06575963718820865
1 0.5392573696145125 0.6099773242630385 0.46343537414965996 0.13605442176870752
0 0.32242063492063494 0.8140589569160998 0.021258503401360578 0.0408163265306122
1 0.38619614512471656 0.8140589569160998 0.0921201814058957 0.018140589569160995
1 0.44784580498866206 0.8503401360544217 0.16439909297052147 0.013605442176870639
1 0.4783163265306122 0.880952380952381 0.34438775510204084 0.04308390022675738
1 0.03684807256235828 0.20861678004535147 0.06519274376417233 0.022675736961451278
