1 0.5334963446354091 0.26699644085178265 0.379849397380411 0.06786511431501474
1 0.5228318824105337 0.34466429390118847 0.6017838767487413 0.08445436448090728
1 0.7191337306417083 0.4395583503742864 0.17586855054219327 0.01872839847557323
1 0.6902238319224437 0.46254320304885355 0.15900444295595556 0.015323235116378058
1 0.6914281751925105 0.5834265023002808 0.15900444295595556 0.015323235116378058
1 0.693836861732644 0.5578877771063173 0.15900444295595556 0.015323235116378058
1 0.6926325184625773 0.5349029244317499 0.15900444295595556 0.015323235116378058
1 0.6938368617326444 0.511066780917384 0.15900444295595556 0.015323235116378058
1 0.6902238319224437 0.4863793465632193 0.15900444295595556 0.015323235116378058
1 0.40413629251305383 0.5200053347352714 0.38426073714355935 0.20516109239150673
1 0.5143552813802502 0.7019730068974944 0.6119261895577683 0.15307911621468356
