1 0.5513219284603421 0.22256782443407638 0.35614307931570754 0.10782789009849662
1 0.4385692068429238 0.2820114048729912 0.13685847589424568 0.016588906168999492
1 0.5295489891135303 0.3538966649386556 0.10419906687402801 0.033177812337998915
1 0.4580093312597201 0.4866079142906514 0.2006220839813375 0.08847416623466393
1 0.516329704510109 0.5723172628304821 0.2923794712286159 0.06082598928633146
1 0.5622083981337481 0.74511836875756 0.4059097978227061 0.24606877484015904
1 0.21617418351477447 0.7437359599101435 0.15241057542768272 0.049766718506998445
1 0.8678071539657853 0.21565578019699325 0.1430793157076205 0.03870744772766546
1 0.875583203732504 0.33453099698593897 0.18351477449455672 0.17694833246932778
1 0.8670295489891134 0.447900466562986 0.1384136858475894 0.033177812337998915
1 0.8732503888024884 0.5280801797131501 0.16329704510108856 0.1050630724036634
1 0.8654743390357698 0.6593946873110689 0.15396578538102645 0.16312424399516154
1 0.8452566096423019 0.7589424572317262 0.12286158631415234 0.04700190081216519
1 0.8833592534992224 0.8349749438396405 0.18662519440124428 0.09953343701399689
0 0.21772939346811818 0.45895973734231904 0.15863141524105753 0.4368411957836531
