0 0.248876404494382 0.4474406991260924 0.27977528089887643 0.43945068664169795
1 0.24662921348314604 0.7830212234706616 0.29775280898876405 0.08389513108614224
1 0.6640449438202247 0.2766541822721598 0.5101123595505619 0.06192259675405744
1 0.5140449438202248 0.3285892634207241 0.21235955056179776 0.029962546816479366
1 0.5033707865168541 0.3995006242197253 0.1910112359550562 0.0958801498127341
1 0.4432584269662921 0.46741573033707867 0.07528089887640448 0.02397003745318358
1 0.6196629213483146 0.570287141073658 0.4258426966292134 0.1578027465667916
1 0.6679775280898876 0.7111111111111111 0.5292134831460674 0.06791510611735334
1 0.5314606741573032 0.7940074906367042 0.2539325842696629 0.07790262172284641
1 0.7342696629213483 0.7880149812734083 0.1382022471910112 0.04993757802746572
1 0.48258426966292134 0.8779026217228464 0.1651685393258427 0.06591760299625463
1 0.7393258426966293 0.11685393258426967 0.3123595505617977 0.049937578027465665
