0 0.26086956521739124 0.3830227743271222 0.20263975155279504 0.25672877846790887
0 0.545613354037267 0.6004140786749482 0.059394409937888144 0.08695652173913039
0 0.6975931677018633 0.41200828157349895 0.20263975155279504 0.3064182194616977
1 0.20555124223602483 0.1987577639751553 0.1059782608695652 0.04554865424430641
1 0.7744565217391304 0.20393374741200831 0.0698757763975155 0.05590062111801242
1 0.4658385093167701 0.3053830227743271 0.1886645962732919 0.10559006211180122
1 0.4734083850931677 0.4451345755693582 0.20613354037267087 0.1573498964803313
1 0.4361413043478261 0.5993788819875776 0.14324534161490682 0.08074534161490689
1 0.4745729813664596 0.7060041407867494 0.21545031055900615 0.09937888198757747
1 0.47049689440993786 0.8229813664596273 0.22360248447204958 0.09316770186335405
1 0.2567934782608695 0.5797101449275363 0.1991459627329192 0.05383022774327117
1 0.2579580745341615 0.6594202898550725 0.1991459627329192 0.05590062111801245
1 0.2428183229813664 0.7505175983436854 0.17119565217391305 0.0766045548654246
1 0.25504658385093165 0.839544513457557 0.1933229813664596 0.06418219461697718
1 0.6731366459627328 0.6335403726708074 0.16071428571428575 0.08695652173913032
1 0.674301242236025 0.722567287784679 0.15372670807453417 0.04968944099378873
1 0.674301242236025 0.8240165631469978 0.16770186335403722 0.09937888198757762
