1 0.3516409107364284 0.147117296222664 0.43884785659906256 0.019880715705765405
1 0.4754185113156511 0.19284294234592445 0.6188880028961139 0.03976143141153081
0 0.47823163860154255 0.2723658051689861 0.579504220893634 0.1153081510934394
1 0.29959805594743694 0.3568588469184891 0.2841258558750341 0.025844930417495037
1 0.47682507495859683 0.4085487077534791 0.5991961118948739 0.05367793240556665
1 0.47823163860154255 0.48210735586481107 0.5963829846089825 0.0894632206759443
1 0.34038840159286265 0.5526838966202783 0.33757527430697126 0.027833001988071614
1 0.4754185113156511 0.6023856858846919 0.6076354937525482 0.06759443339960235
1 0.27568647401735985 0.6580516898608351 0.20817141915596557 0.027833001988071544
1 0.47260538402975966 0.7057654075546719 0.6076354937525482 0.05964214711729625
1 0.48104476588743394 0.7763419483101391 0.6076354937525482 0.07753479125248504
