1 0.5629860031104199 0.4243995161569034 0.3670295489891135 0.190772420943494
1 0.4650077760497668 0.554345947814066 0.19595645412130636 0.07465007776049766
1 0.4409020217729393 0.6262192637908466 0.13841368584758945 0.06912044237083123
1 0.43545878693623635 0.693969241403145 0.1493001555209954 0.03870744772766543
1 0.5046656298600312 0.8418702663522862 0.25660964230171074 0.22395023328149308
1 0.838258164852255 0.3718512582306343 0.09642301710730948 0.08017971315016417
1 0.8802488335925349 0.4714109722401757 0.19284603421461882 0.1188871608778296
1 0.8600311041990668 0.5999654397788146 0.12752721617418344 0.03870744772766543
1 0.869362363919129 0.6746059622682051 0.16485225505443238 0.11059270779332991
1 0.869362363919129 0.7907378607223086 0.16174183514774498 0.11059270779332991
1 0.8732503888024883 0.9423708311733194 0.18506998444790043 0.11525833765336102
0 0.2052877138413686 0.6331432521168135 0.29237947122861585 0.6359080698116468
