1 0.05385487528344671 0.06462585034013606 0.07653061224489796 0.034013605442176874
1 0.04251700680272109 0.10884353741496598 0.045351473922902494 0.03174603174603174
1 0.04889455782312926 0.19387755102040813 0.06094104308390023 0.03854875283446713
1 0.13038548752834467 0.3231292517006803 0.21825396825396826 0.04308390022675738
1 0.06519274376417233 0.3786848072562358 0.09353741496598639 0.0408163265306122
1 0.09282879818594104 0.43537414965986393 0.1459750566893424 0.045351473922902556
1 0.1296768707482993 0.48412698412698413 0.21967120181405897 0.04761904761904759
0 0.22817460317460317 0.37755102040816324 0.022675736961451243 0.0385487528344671
1 0.06377551020408162 0.5385487528344671 0.09353741496598639 0.04308390022675731
1 0.09991496598639456 0.5986394557823129 0.15731292517006804 0.04081632653061227
0 0.17148526077097503 0.1167800453514739 0.03401360544217687 0.043083900226757364
1 0.17006802721088435 0.17913832199546484 0.04535147392290252 0.027210884353741527
1 0.31887755102040816 0.38321995464852604 0.09637188208616773 0.06802721088435376
0 0.31746031746031744 0.29705215419501135 0.09920634920634917 0.08163265306122444
0 0.5697278911564626 0.33673469387755106 0.09637188208616777 0.06575963718820863
1 0.5527210884353742 0.2743764172335601 0.06235827664399096 0.03174603174603174
1 0.5775226757369615 0.39682539682539686 0.0751133786848073 0.03628117913832199
1 0.5087868480725624 0.49092970521541957 0.22959183673469383 0.06575963718820865
1 0.4953231292517007 0.5589569160997733 0.19982993197278914 0.047619047619047734
1 0.4995748299319727 0.6337868480725624 0.2083333333333333 0.06575963718820851
1 0.4910714285714286 0.7052154195011338 0.18565759637188214 0.05895691609977334
1 0.5059523809523809 0.7766439909297053 0.22108843537414963 0.05668934240362802
1 0.9560004731392323 0.873281362640989 0.04047956471190631 0.033791636629069616
1 0.9538004967961939 0.7479707101415223 0.05015946062127512 0.01689581831453495
1 0.955120482602017 0.6205480803527388 0.017599810744306978 0.02956768205043595
1 0.9538004967961939 0.5022773521509953 0.08359910103545885 0.038015591207704286
1 0.9566326530612244 0.3741496598639456 0.04251700680272109 0.022675736961451278
1 0.9545068027210885 0.24829931972789115 0.032596371882086146 0.020408163265306173
1 0.9559240362811791 0.12585034013605442 0.0609410430839003 0.029478458049886632
0 0.9552154195011338 0.06689342403628118 0.036848072562358426 0.05668934240362813
0 0.9559240362811791 0.19841269841269843 0.04393424036281175 0.07482993197278912
0 0.9545068027210885 0.31859410430839 0.04676870748299308 0.056689342403628086
0 0.9552154195011338 0.445578231292517 0.04535147392290242 0.061224489795918303
0 0.9573412698412699 0.5759637188208616 0.04960317460317455 0.04988662131519284
0 0.9587585034013606 0.6950113378684807 0.04393424036281189 0.052154195011337945
0 0.9552154195011338 0.8265306122448979 0.04251700680272109 0.05668934240362816
