1 0.0696629213483146 0.12483796004058596 0.07640449438202246 0.03395755305867667
1 0.0455056179775281 0.16279650436953808 0.04157303370786518 0.02596754057428214
1 0.05168539325842698 0.19775280898876402 0.0404494382022472 0.027965043695380772
1 0.06910112359550562 0.23570536828963795 0.06629213483146067 0.03196004993757803
1 0.09157303370786517 0.267665418227216 0.11348314606741575 0.031960049937578
1 0.10337078651685391 0.299625468164794 0.1438202247191011 0.015980024968789017
1 0.05955056179775282 0.33158551810237197 0.04719101123595506 0.019975031210986247
1 0.05561797752808989 0.3605493133583021 0.030337078651685393 0.02596754057428214
1 0.05786516853932585 0.3995006242197253 0.03932584269662922 0.023970037453183508
1 0.058426966292134834 0.42946317103620474 0.05617977528089888 0.019975031210986247
1 0.07865168539325841 0.46541822721598003 0.08314606741573032 0.03595505617977523
1 0.050561797752808994 0.49837702871410733 0.042696629213483155 0.02596754057428214
1 0.07247191011235955 0.5283395755305867 0.08202247191011235 0.02596754057428214
1 0.10674157303370788 0.5642946317103621 0.15505617977528088 0.04194756554307105
1 0.07303370786516854 0.5992479438155489 0.08764044943820223 0.031960049937577964
1 0.09157303370786517 0.6322097378277154 0.12696629213483146 0.029962546816479405
1 0.0550561797752809 0.6651685393258426 0.04943820224719102 0.0279650436953807
1 0.050561797752808994 0.6951295898853025 0.03820224719101124 0.02397003745318344
1 0.052247191011235955 0.7310861423220973 0.03707865168539326 0.02397003745318344
1 0.05786516853932584 0.7640449438202248 0.05730337078651686 0.029962546816479405
1 0.06516853932584268 0.8 0.06292134831460673 0.025967540574282282
1 0.5314606741573034 0.16079900124843946 0.6337078651685393 0.13383270911360798
1 0.5213483146067415 0.2616729088639201 0.6089887640449437 0.05992509363295881
1 0.36629213483146067 0.4264669163545568 0.31685393258426964 0.2536828963795256
1 0.37134831460674156 0.6052434456928839 0.3112359550561798 0.08389513108614238
1 0.36853932584269666 0.7300873907615479 0.31235955056179776 0.14981273408239687
1 0.5331460674157303 0.8549313358302123 0.646067415730337 0.08389513108614224
0 0.6870786516853932 0.5253433208489388 0.32247191011235954 0.45942571785268416
