0 0.755056179775281 0.40149812734082396 0.14606741573033702 0.19575530586766543
0 0.7522471910112359 0.21473158551810237 0.11573033707865164 0.18177278401997504
1 0.43764044943820224 0.15480649188514356 0.4415730337078651 0.1138576779026217
1 0.4382022471910112 0.2586766541822722 0.4382022471910112 0.08589263420724098
1 0.24157303370786518 0.3315855181023721 0.05393258426966291 0.031960049937578
1 0.06853932584269662 0.13083645443196004 0.08089887640449436 0.029962546816479405
1 0.04775280898876405 0.16479400749063672 0.0348314606741573 0.029962546816479405
1 0.051123595505617986 0.19875156054931334 0.030337078651685397 0.02596754057428214
1 0.06179775280898876 0.23071161048689137 0.06292134831460673 0.021972534332084875
1 0.05056179775280898 0.26666666666666666 0.049438202247191004 0.021972534332084914
1 0.08089887640449439 0.29862671660424467 0.09213483146067417 0.025967540574282105
1 0.060674157303370786 0.3335830212234707 0.07191011235955055 0.023970037453183508
1 0.05730337078651686 0.36754057428214737 0.05393258426966293 0.015980024968788982
1 0.060674157303370786 0.39550561797752803 0.05617977528089888 0.027965043695380772
1 0.4370786516853933 0.4114856429463171 0.45168539325842694 0.10387016229712856
1 0.4359550561797753 0.4993757802746567 0.44719101123595506 0.055930087390761545
1 0.4393258426966293 0.6102372034956305 0.451685393258427 0.1498127340823971
1 0.4337078651685394 0.7600499375780274 0.451685393258427 0.1298377028714107
1 0.4337078651685393 0.8779026217228466 0.4382022471910112 0.08589263420724094
