1 0.6638980394703767 0.147117296222664 0.45572662031441125 0.019880715705765405
1 0.3994640745965826 0.1878727634194831 0.37133280173766825 0.025844930417495037
1 0.5176154206040224 0.27236580516898606 0.6076354937525482 0.13121272365805164
1 0.5176154206040224 0.34890656063618286 0.6245142574678968 0.029821073558648124
1 0.5471532571058825 0.43836978131212734 0.5541860753206111 0.13717693836978134
1 0.5401204388911539 0.5417495029821073 0.5457466934629367 0.06958250497017886
1 0.5499663843917739 0.6103379721669979 0.5710648390359596 0.06361829025844934
1 0.5471532571058825 0.6858846918489065 0.5766910936077424 0.08349900596421463
1 0.5443401298199911 0.7534791252485088 0.5654385844641768 0.06361829025844984
1 0.5429335661770454 0.8041749502982108 0.5738779663218511 0.033797216699801284
