1 0.1473922902494331 0.15306122448979592 0.11337868480725623 0.04761904761904761
1 0.14810090702947845 0.23469387755102042 0.11479591836734693 0.06575963718820863
1 0.1459750566893424 0.31405895691609975 0.11621315192743766 0.06122448979591837
1 0.14243197278911562 0.399092970521542 0.10345804988662129 0.06349206349206347
1 0.043934240362811794 0.42517006802721086 0.06519274376417233 0.04308390022675745
1 0.1445578231292517 0.4875283446712018 0.10204081632653063 0.04988662131519284
1 0.1445578231292517 0.5873015873015873 0.10487528344671203 0.06349206349206347
1 0.1445578231292517 0.6859410430839002 0.11054421768707483 0.06122448979591852
1 0.14526643990929705 0.7630385487528345 0.10629251700680273 0.0702947845804988
1 0.14314058956916098 0.854875283446712 0.11337868480725626 0.07709750566893434
1 0.3436791383219955 0.8537414965986394 0.10912698412698411 0.07936507936507951
1 0.34438775510204084 0.7607709750566893 0.11904761904761901 0.07482993197278916
1 0.33730158730158727 0.6746031746031745 0.10204081632653061 0.07482993197278909
1 0.33942743764172334 0.5839002267573696 0.11196145124716551 0.07936507936507929
1 0.34438775510204084 0.4965986394557823 0.11337868480725628 0.06802721088435376
1 0.34438775510204084 0.4104308390022676 0.11054421768707484 0.08163265306122447
1 0.3465136054421769 0.32199546485260766 0.11763038548752835 0.06349206349206347
1 0.34438775510204084 0.2324263038548753 0.11621315192743768 0.07482993197278912
1 0.34509637188208614 0.15873015873015872 0.11479591836734696 0.04081632653061227
0 0.24163832199546484 0.15079365079365079 0.05243764172335602 0.024943310657596383
0 0.23951247165532877 0.23582766439909297 0.05385487528344672 0.054421768707482984
0 0.24022108843537412 0.3242630385487529 0.05527210884353742 0.054421768707482984
0 0.24163832199546484 0.4160997732426304 0.05243764172335602 0.04308390022675745
0 0.2409297052154195 0.4988662131519274 0.053854875283446686 0.0408163265306122
0 0.23738662131519278 0.5861678004535148 0.05243764172335602 0.04761904761904759
0 0.24163832199546484 0.6802721088435374 0.05243764172335602 0.04988662131519277
0 0.24234693877551017 0.7630385487528344 0.04535147392290249 0.052154195011337806
0 0.2409297052154195 0.8503401360544217 0.05102040816326532 0.045351473922902556
0 0.4386337868480726 0.8492063492063493 0.05527210884353742 0.052154195011337945
0 0.4379251700680273 0.7664399092970521 0.051020408163265286 0.04535147392290242
0 0.4386337868480726 0.6723356009070295 0.05527210884353742 0.03854875283446702
0 0.4386337868480726 0.5861678004535148 0.04960317460317462 0.04308390022675745
0 0.43721655328798176 0.5045351473922902 0.04676870748299315 0.047619047619047665
0 0.4379251700680273 0.40816326530612246 0.05385487528344676 0.04535147392290249
0 0.4379251700680273 0.3208616780045351 0.05385487528344676 0.052154195011337875
0 0.43792517006802717 0.23469387755102042 0.05668934240362816 0.052154195011337875
0 0.43934240362811794 0.15532879818594103 0.053854875283446686 0.05215419501133786
0 0.046060090702947844 0.42290249433106575 0.07794784580498866 0.6689342403628118
1 0.8142006802721088 0.2142857142857143 0.17431972789115646 0.07029478458049883
1 0.792233560090703 0.29705215419501135 0.13321995464852607 0.058956916099773264
1 0.8531746031746031 0.3673469387755102 0.04535147392290242 0.022675736961451278
1 0.8021541950113378 0.14512471655328796 0.11337868480725632 0.027210884353741492
1 0.7801870748299319 0.4614512471655328 0.25085034013605423 0.0385487528344671
1 0.7490079365079364 0.4160997732426304 0.19982993197278914 0.03401360544217688
1 0.7468820861678005 0.507936507936508 0.19274376417233555 0.03174603174603185
1 0.778061224489796 0.5487528344671202 0.2437641723356009 0.02721088435374156
1 0.7738095238095238 0.5941043083900226 0.2551020408163265 0.04535147392290249
1 0.953798185941043 0.42517006802721086 0.07086167800453509 0.04308390022675745
0 0.953798185941043 0.5986394557823129 0.08219954648526069 0.31292517006802717
0 0.5555555555555556 0.21768707482993196 0.11054421768707492 0.09977324263038546
0 0.5576814058956916 0.4070294784580499 0.10062358276643991 0.10204081632653064
0 0.558390022675737 0.6065759637188208 0.10487528344671204 0.0884353741496598
0 0.5562641723356009 0.7947845804988662 0.10912698412698418 0.10657596371882079
1 0.5583900226757369 0.8718820861678005 0.11621315192743766 0.04761904761904759
1 0.5576814058956916 0.6791383219954649 0.12046485260770978 0.06122448979591837
1 0.5562641723356009 0.4988662131519274 0.10912698412698418 0.07709750566893427
1 0.5534297052154195 0.3095238095238095 0.12046485260770978 0.06575963718820858
