0 0.21370341614906832 0.1977225672877847 0.10364906832298132 0.14285714285714288
0 0.2107919254658385 0.3830227743271222 0.10714285714285716 0.1490683229813665
0 0.21603260869565216 0.5859213250517599 0.10597826086956523 0.15734989648033135
0 0.21545031055900618 0.756728778467909 0.11180124223602485 0.1469979296066252
0 0.21486801242236025 0.8975155279503104 0.1059782608695652 0.04347826086956516
0 0.7762034161490682 0.19979296066252586 0.05240683229813669 0.0683229813664596
0 0.7750388198757763 0.31780538302277433 0.050077639751552855 0.06832298136645963
0 0.7756211180124223 0.4192546583850931 0.04658385093167695 0.06004140786749481
0 0.7762034161490682 0.5351966873706003 0.05706521739130437 0.07246376811594203
0 0.7779503105590061 0.6438923395445134 0.05357142857142847 0.062111801242235955
0 0.7785326086956522 0.7546583850931676 0.05473602484472039 0.06418219461697731
0 0.7767857142857142 0.8799171842650102 0.04658385093167695 0.0786749482401656
1 0.6638198757763973 0.21118012422360244 0.14673913043478273 0.09937888198757756
1 0.6661490683229814 0.3167701863354037 0.1467391304347826 0.06625258799171842
1 0.6644021739130435 0.42132505175983437 0.15722049689440987 0.09316770186335396
1 0.6638198757763975 0.5383022774327122 0.15139751552795025 0.07867494824016567
1 0.6685080112749744 0.7629399585921326 0.15844734016978929 0.09316770186335416
1 0.6661472375288026 0.6532091097308489 0.14673913043478265 0.08488612836438932
1 0.6644305512228185 0.8902691511387164 0.1572772515139592 0.0910973084886128
1 0.4052795031055901 0.16563146997929606 0.26785714285714285 0.07453416149068323
1 0.40410300667013455 0.34886128364389235 0.2562111801242236 0.08488612836438925
1 0.4175082216736999 0.5320910973084887 0.2713509316770186 0.09109730848861275
1 0.42683185733820683 0.7236024844720496 0.30407679815664945 0.07660455486542454
1 0.43322981366459623 0.9068322981366461 0.3051242236024845 0.0786749482401656
1 0.4256599378881987 0.7857142857142857 0.30395962732919257 0.043478260869565306
1 0.42507763975155277 0.5952380952380952 0.2934782608695652 0.04347826086956516
1 0.4128493788819875 0.4140786749482402 0.2713509316770187 0.03312629399585923
1 0.42274844720496885 0.24637681159420288 0.30046583850931674 0.07453416149068325
