0 0.3089569160997732 0.34807256235827666 0.12471655328798185 0.11111111111111108
0 0.4669784580498866 0.336734693877551 0.12613378684807253 0.11564625850340135
0 0.625 0.34467120181405897 0.12188208616780052 0.11337868480725617
1 0.6186224489795918 0.44331065759637184 0.13180272108843533 0.07936507936507936
1 0.4613095238095238 0.4569160997732426 0.12329931972789111 0.09750566893424044
1 0.30753968253968256 0.45464852607709744 0.1332199546485261 0.09297052154195008
0 0.8538832199546484 0.2653061224489796 0.2168367346938777 0.09523809523809526
0 0.8538832199546484 0.5306122448979592 0.22250566893424037 0.2312925170068027
0 0.8595521541950113 0.8367346938775511 0.20833333333333315 0.16326530612244908
1 0.23384353741496597 0.5918367346938775 0.04818594104308389 0.0317460317460317
1 0.2657312925170068 0.6315192743764172 0.11479591836734696 0.011337868480725604
1 0.4046201814058956 0.6360544217687074 0.13463718820861678 0.015873015873015886
1 0.5130385487528345 0.6303854875283447 0.05668934240362816 0.0408163265306122
1 0.5931122448979592 0.6337868480725624 0.0892857142857143 0.015873015873015886
1 0.8425453514739228 0.6768707482993197 0.2026643990929705 0.06575963718820872
1 0.8538832199546484 0.3639455782312925 0.2168367346938777 0.06575963718820865
0 0.26927437641723356 0.8185941043083901 0.4988662131519274 0.19954648526077107
0 0.6349206349206349 0.8117913832199547 0.20691609977324263 0.20408163265306115
1 0.70578231292517 0.6825396825396826 0.05952380952380963 0.02721088435374156
1 0.1502267573696145 0.1950113378684807 0.08786848072562357 0.04081632653061227
1 0.21541950113378683 0.1950113378684807 0.039682539682539646 0.04081632653061227
1 0.25297619047619047 0.19614512471655332 0.026927437641723343 0.03854875283446713
1 0.28628117913832196 0.19047619047619047 0.03968253968253968 0.04081632653061227
1 0.3486394557823129 0.19727891156462582 0.07653061224489796 0.03174603174603174
1 0.4187925170068027 0.19841269841269843 0.0609410430839003 0.029478458049886597
1 0.4875283446712018 0.19841269841269843 0.07086167800453509 0.03401360544217688
1 0.5505952380952381 0.19274376417233563 0.04676870748299308 0.040816326530612235
