1 0.7452725250278087 0.11766159930787294 0.30033370411568405 0.057347670250896064
1 0.6601779755283649 0.2817945865776789 0.5172413793103448 0.053392658509454946
1 0.5317018909899889 0.33815350389321464 0.2558398220244716 0.03955011741441105
1 0.5011123470522802 0.3846248918551477 0.19911012235817574 0.02570757631936715
1 0.42491657397107896 0.45087133852428624 0.053392658509454946 0.03955011741441105
1 0.43882091212458285 0.5398591027067111 0.0634037819799778 0.03164009393152874
1 0.7007786429365962 0.46471387961933014 0.4404894327030034 0.07119021134593993
1 0.6796440489432704 0.5497466320603139 0.09566184649610683 0.06328018786305777
1 0.44493882091212456 0.6021505376344086 0.06896551724137928 0.029662588060808376
1 0.5845383759733037 0.6397231491780991 0.3659621802002225 0.03361759980224939
1 0.4716351501668521 0.7247559016190829 0.1312569521690768 0.0889877641824249
1 0.4727474972191324 0.8226424422197505 0.12013348164627366 0.027685082190087796
1 0.7975528364849833 0.6960820664936349 0.20022246941045593 0.027685082190087796
1 0.22691879866518355 0.7761710542578174 0.3492769744160178 0.0850327524409839
0 0.25194660734149055 0.4488938326535657 0.2836484983314794 0.45087133852428624
