0 0.09899068322981364 0.48136645962732927 0.10714285714285712 0.6811594202898551
0 0.37441770186335405 0.7453416149068324 0.41576086956521735 0.3933747412008282
0 0.6987577639751552 0.5859213250517599 0.19565217391304343 0.2898550724637681
0 0.703416149068323 0.8136645962732919 0.1886645962732919 0.12422360248447205
0 0.702251552795031 0.9140786749482401 0.19099378881987575 0.035196687370600444
0 0.8652950310559006 0.47412008281573503 0.10714285714285722 0.6956521739130436
0 0.8408385093167701 0.10559006211180125 0.06288819875776397 0.03726708074534162
0 0.9031444099378882 0.10559006211180122 0.03610248447204967 0.028985507246376815
0 0.20438664596273293 0.5134575569358177 0.06405279503105586 0.05383022774327124
0 0.4594332298136645 0.5144927536231885 0.019798136645962715 0.035196687370600374
0 0.4868012422360248 0.5155279503105591 0.013975155279503113 0.028985507246376798
0 0.5234860248447205 0.5134575569358177 0.031444099378881984 0.04140786749482395
0 0.5625 0.5155279503105591 0.027950310559006226 0.028985507246376798
1 0.2404891304347826 0.453416149068323 0.15489130434782608 0.057971014492753596
1 0.5438664596273292 0.4523809523809524 0.08385093167701861 0.06004140786749481
1 0.48156055900621114 0.21635610766045552 0.6300465838509317 0.16770186335403728
1 0.4734083850931677 0.3457556935817806 0.625388198757764 0.057971014492753666
1 0.04891304347826086 0.10455486542443065 0.034937888198757754 0.043478260869565216
1 0.08792701863354037 0.10973084886128365 0.02911490683229812 0.03312629399585921
1 0.11529503105590061 0.09627329192546584 0.02096273291925467 0.031055900621118012
1 0.1543090062111801 0.10455486542443065 0.05240683229813662 0.043478260869565216
1 0.20263975155279504 0.10144927536231883 0.041925465838509306 0.0372670807453416
1 0.25038819875776397 0.10144927536231885 0.0605590062111801 0.041407867494824016
1 0.30046583850931674 0.10144927536231885 0.03260869565217394 0.049689440993788817
1 0.34297360248447206 0.10455486542443065 0.029114906832298074 0.03933747412008282
1 0.3848990683229813 0.10351966873706005 0.03843167701863358 0.03312629399585921
1 0.41692546583850926 0.10351966873706005 0.025621118012422315 0.03726708074534162
1 0.4588509316770185 0.10973084886128365 0.04425465838509318 0.03312629399585921
1 0.5170807453416149 0.11180124223602485 0.06288819875776404 0.03312629399585923
1 0.5729813664596274 0.10144927536231885 0.03493788819875775 0.041407867494824016
1 0.6131599378881987 0.10662525879917183 0.031444099378881915 0.03933747412008282
1 0.656832298136646 0.10455486542443065 0.034937888198757816 0.043478260869565216
1 0.705163043478261 0.10973084886128365 0.06172360248447191 0.04968944099378882
