0 0.2971910112359551 0.5632958801498127 0.14269662921348314 0.2556803995006242
0 0.4455056179775281 0.5752883801615023 0.14269662921348306 0.1677902621722847
0 0.6084269662921349 0.5593008739076155 0.14494382022471924 0.18377028714107368
0 0.7674157303370787 0.573283395755306 0.1348314606741573 0.1558052434456929
1 0.750561797752809 0.5065667884626639 0.4988764044943819 0.09428214121995943
1 0.5342696629213483 0.12484394506866417 0.6393258426966291 0.07790262172284645
1 0.5308988764044944 0.22272159800249688 0.6370786516853932 0.10586766541822723
1 0.5342696629213483 0.3066167290886392 0.646067415730337 0.05393258426966294
1 0.49438202247191015 0.38052434456928835 0.5325842696629214 0.0779026217228465
1 0.06910112359550562 0.12883895131086143 0.0842696629213483 0.02596754057428214
1 0.04382022471910112 0.1637952559300874 0.029213483146067417 0.027965043695380772
1 0.07921348314606741 0.19775280898876402 0.1 0.027965043695380772
1 0.05337078651685394 0.22771535580524344 0.04606741573033708 0.027965043695380772
1 0.0646067415730337 0.264669163545568 0.06629213483146065 0.021972534332084914
1 0.07808988764044944 0.2976279650436954 0.09325842696629212 0.023970037453183473
1 0.06573033707865168 0.33058676654182273 0.0550561797752809 0.017977528089887614
1 0.05955056179775282 0.3645443196004993 0.0404494382022472 0.01398252184769042
1 0.07359550561797752 0.3975031210986267 0.07303370786516852 0.02397003745318358
1 0.0696629213483146 0.43146067415730344 0.06516853932584268 0.023970037453183508
1 0.08033707865168539 0.46441947565543074 0.08876404494382023 0.021972534332084806
1 0.09943820224719101 0.49837702871410733 0.12247191011235956 0.017977528089887614
1 0.06348314606741573 0.5273408239700375 0.06853932584269662 0.023970037453183508
1 0.07303370786516854 0.5622971285892634 0.08539325842696628 0.021972534332084875
1 0.05617977528089888 0.5942571785268415 0.049438202247191004 0.017977528089887757
1 0.05786516853932584 0.6292134831460675 0.04606741573033709 0.04394506866416983
1 0.07359550561797754 0.6671660424469412 0.07528089887640449 0.01598002496878905
1 0.06516853932584271 0.69812734082397 0.058426966292134834 0.021972534332084875
1 0.057303370786516844 0.7310861423220973 0.04494382022471911 0.02796504369538084
1 0.06179775280898876 0.7650436953807741 0.06292134831460673 0.02796504369538084
1 0.05112359550561798 0.7980024968789013 0.04382022471910112 0.021972534332084875
1 0.05617977528089888 0.82896379525593 0.049438202247191004 0.019975031210986316
1 0.0646067415730337 0.8619225967540575 0.06853932584269662 0.02596754057428214
1 0.06348314606741573 0.8938826466916354 0.059550561797752796 0.021972534332084875
1 0.29606741573033707 0.7730337078651687 0.14943820224719104 0.1318352059925094
1 0.4432584269662921 0.7340823970037452 0.1292134831460674 0.03795255930087393
1 0.6056179775280899 0.7590511860174781 0.1438202247191011 0.09588014981273403
1 0.7651685393258427 0.8089887640449439 0.15955056179775284 0.21972534332084892
