0 0.29269662921348316 0.200749063670412 0.15617977528089888 0.20574282147315856
0 0.29382022471910113 0.45942571785268416 0.15393258426966294 0.1398252184769038
1 0.06179775280898876 0.468414481897628 0.06292134831460673 0.04194756554307112
1 0.07191011235955055 0.3325842696629213 0.08089887640449436 0.03795255930087389
1 0.06179775280898877 0.22971285892634208 0.05617977528089888 0.03196004993757803
1 0.06685393258426967 0.13083645443196004 0.06853932584269662 0.025967540574282157
1 0.05337078651685394 0.2636704119850187 0.04606741573033708 0.023970037453183508
1 0.05561797752808989 0.40049937578027467 0.04831460674157304 0.021972534332084875
1 0.44943820224719105 0.1278401997503121 0.14606741573033716 0.03995006242197253
1 0.6786516853932585 0.19975031210986266 0.6134831460674158 0.10387016229712862
1 0.656179775280899 0.3096129837702872 0.5685393258426967 0.10786516853932589
1 0.6696629213483146 0.44544319600499377 0.5887640449438203 0.13982521847690385
1 0.6741573033707866 0.5632958801498128 0.5955056179775281 0.07990012484394513
1 0.2893258426966292 0.3355805243445693 0.16516853932584274 0.05593008739076158
1 0.2741573033707865 0.6292134831460675 0.1280898876404494 0.03995006242197256
1 0.5910112359550562 0.7061173533083647 0.7707865168539327 0.10187265917603
1 0.596629213483146 0.7910112359550561 0.7730337078651686 0.055930087390761545
1 0.2404494382022472 0.853932584269663 0.06966292134831463 0.04194756554307119
1 0.4926966292134831 0.9138576779026217 0.5898876404494382 0.06192259675405737
