0 0.15707620528771385 0.4520476931052359 0.25505443234836706 0.3787800241921548
0 0.1625194401244168 0.7962674961119751 0.32192846034214617 0.16588906168999473
1 0.5505443234836701 0.3304004921681266 0.4541213063763606 0.12443590680971034
1 0.4276827371695179 0.4423636647199892 0.18351477449455686 0.08294453084499744
1 0.39113530326594087 0.5916733755120918 0.12597200622083982 0.07188526006566441
1 0.46811819595645404 0.6635466914888721 0.28926905132192837 0.05527724335445079
1 0.4813374805598756 0.727147053741144 0.29393468118195953 0.049766718506998445
1 0.5264385692068428 0.8843096595818213 0.38724727838258155 0.2313806808363573
1 0.8413685847589424 0.3041227799783268 0.1026438569206843 0.06635562467599794
1 0.8864696734059098 0.42024990079687674 0.1804043545878693 0.16035942630032834
1 0.8639191290824262 0.5363746327976499 0.13219284603421472 0.0663556246759979
1 0.8709175738724728 0.609642301710731 0.17418351477449448 0.09676861931916364
1 0.8724727838258164 0.7672369103162261 0.1679626749611198 0.20183169172282703
1 0.8685847589424571 0.895800933125972 0.15085536547433903 0.04423708311733208
1 0.8732503888024883 0.9644893727319854 0.1664074650077761 0.07102125453602909
