1 0.2714667830885227 0.18588469184890655 0.1434694915804628 0.0377733598409543
1 0.701875257829911 0.15009940357852883 0.45291349302851963 0.017892644135188877
1 0.5204285478899139 0.2495029821073559 0.613261748324331 0.09343936381709743
1 0.45572662031441113 0.3399602385685884 0.42196909288371404 0.08349900596421471
1 0.524648238818751 0.4363817097415507 0.632953639325571 0.12127236580516901
1 0.5429335661770454 0.5208747514910538 0.5682517117500682 0.05566600397614316
1 0.5471532571058825 0.5815109343936382 0.5598123298923938 0.05765407554671974
1 0.5485598207488281 0.647117296222664 0.5626254571782853 0.06958250497017893
1 0.3164768196627855 0.7037773359840955 0.1547220007240285 0.01192842942345905
0 0.2911586740897627 0.753479125248509 0.1153382187215485 0.07952286282306162
1 0.5823173481795254 0.7594433399602386 0.4501003657426283 0.09145129224652081
