0 0.2379471228615863 0.5930533955417314 0.27060653188180406 0.8045619491964748
1 0.6073094867807154 0.23224468636599271 0.29393468118195953 0.15482979091066182
1 0.5489891135303266 0.3704855711076551 0.16485225505443238 0.0663556246759979
1 0.604199066874028 0.45619491964748576 0.2783825816485225 0.07188526006566448
1 0.6213063763608087 0.6220839813374804 0.31259720062208385 0.22671505097632624
1 0.8413685847589424 0.1769483324693278 0.10886469673405913 0.055296353896664936
1 0.8662519440124415 0.23777432175565924 0.14618973561430793 0.05529635389666496
1 0.8849144634525661 0.3068947641264904 0.18351477449455686 0.07188526006566441
1 0.859253499222395 0.3580438914809055 0.12286158631415248 0.019353723863832713
1 0.8895800933125971 0.44098364469034945 0.17729393468118204 0.10229825470883008
1 0.8460342146189735 0.5170209089338171 0.09953343701399689 0.03870744772766543
1 0.8841368584758942 0.5972006220839813 0.17884914463452561 0.08847416623466386
1 0.8810264385692068 0.693969241403145 0.16951788491446337 0.08847416623466386
1 0.8841368584758942 0.7713841368584758 0.1757387247278382 0.049766718506998445
