1 0.17410714285714285 0.1728778467908903 0.20380434782608695 0.04761904761904763
1 0.264945652173913 0.26501035196687367 0.3761645962732919 0.09937888198757765
1 0.26086956521739135 0.36542443064182195 0.3843167701863354 0.05590062111801245
1 0.264945652173913 0.4368530020703934 0.3854813664596273 0.06625258799171846
1 0.26203416149068326 0.5072463768115942 0.3819875776397516 0.057971014492753666
1 0.2678571428571428 0.5890269151138716 0.3866459627329192 0.09316770186335412
1 0.264363354037267 0.6790890269151139 0.38198757763975144 0.08695652173913032
1 0.2631987577639751 0.7867494824016563 0.38431677018633537 0.12008281573498948
1 0.731366459627329 0.13871635610766045 0.08850931677018636 0.05383022774327122
1 0.7901785714285714 0.23084886128364387 0.18517080745341602 0.11387163561076609
1 0.7901785714285714 0.3633540372670807 0.18051242236024848 0.09316770186335405
1 0.7837732919254656 0.49792960662525876 0.17003105590062106 0.0890269151138716
1 0.796001552795031 0.6273291925465838 0.17818322981366463 0.0910973084886129
1 0.7861024844720496 0.7608695652173912 0.1723602484472049 0.10559006211180119
1 0.7872670807453415 0.8840579710144928 0.1770186335403726 0.08695652173913046
