1 0.06629213483146067 0.12584269662921346 0.07191011235955055 0.03196004993757802
1 0.09044943820224718 0.36554307116104867 0.11797752808988764 0.03196004993757803
1 0.08202247191011237 0.2616729088639201 0.11011235955056181 0.027965043695380772
1 0.060112359550561795 0.4664169787765294 0.06629213483146067 0.029962546816479405
1 0.24943820224719102 0.11485642946317104 0.07865168539325844 0.03395755305867665
1 0.5067415730337079 0.20374531835205992 0.5820224719101124 0.1438202247191011
0 0.8780898876404494 0.15480649188514356 0.13370786516853939 0.1138576779026217
0 0.7623595505617977 0.5073657927590512 0.39662921348314595 0.3955056179775282
0 0.3831460674157303 0.829950576760323 0.3865168539325843 0.24569288389513105
1 0.5095505617977528 0.36853932584269666 0.5853932584269663 0.18177278401997501
1 0.38033707865168537 0.5782771535580524 0.34719101123595514 0.24169787765293385
