0 0.48245132953037967 0.327037773359841 0.4585397476003025 0.3200795228628231
1 0.2939718013756541 0.5009940357852883 0.250368328444337 0.031809145129224704
1 0.35023434709348256 0.1441351888667992 0.46979225674386815 0.029821073558648107
1 0.47823163860154255 0.5447316103379722 0.6020092391807653 0.03976143141153074
1 0.28693898316092553 0.5735586481113321 0.18566640086883418 0.013916500994035772
1 0.35304747437937406 0.5944333996023857 0.2334895647289884 0.01590457256461228
1 0.461352874886194 0.6153081510934393 0.4444741111708455 0.017892644135188932
1 0.5148022933181311 0.6431411530815109 0.5401204388911539 0.025844930417494964
1 0.32350963787751413 0.6699801192842944 0.16878763715348563 0.01988071570576537
1 0.24614863751549984 0.6918489065606361 0.10971196414976564 0.015904572564612352
1 0.5105826023892939 0.7196819085487078 0.5316810570334796 0.03578528827037772
1 0.412123147383094 0.7475149105367794 0.3403884015928627 0.01590457256461221
1 0.49933009324572825 0.7673956262425448 0.5148022933181311 0.015904572564612352
1 0.5119891660322397 0.7872763419483101 0.5513729480347197 0.01988071570576537
