1 0.572317262830482 0.26265051455582816 0.41679626749611187 0.09953343701399689
1 0.46189735614307936 0.34560221185415585 0.20217729393468126 0.07188526006566445
1 0.43545878693623635 0.44098842232590285 0.1430793157076205 0.04700190081216519
1 0.4339035769828927 0.5501987212718162 0.15241057542768274 0.049766718506998445
1 0.5202177293934681 0.6207015724900639 0.34370139968895796 0.10229825470883007
1 0.5505443234836703 0.8142388111283912 0.3919129082426127 0.24053913945049246
1 0.8786936236391912 0.2737169517884914 0.17107309486780709 0.06082598928633139
1 0.8755832037325039 0.3580438914809055 0.1804043545878693 0.06359080698116472
1 0.8709175738724727 0.4769310523587351 0.15552099533437017 0.16865387938482812
1 0.8522550544323484 0.5833622007031545 0.13374805598755843 0.033177812337998984
1 0.8693623639191291 0.6746155175393124 0.17107309486780709 0.11059270779332998
1 0.8716951788491448 0.8594167450572151 0.16951788491446337 0.25902885778468987
0 0.17262830482115085 0.44513564886815277 0.2892690513219284 0.47001900812165187
