1 0.34863945578231287 0.4342403628117914 0.37981859410430835 0.04308390022675745
1 0.1842403628117914 0.47505668934240364 0.05385487528344672 0.0204081632653061
0 0.38052721088435376 0.32539682539682546 0.45209750566893425 0.3560090702947846
0 0.7298752834467119 0.23469387755102042 0.23526077097505657 0.19274376417233557
1 0.7312925170068028 0.6575963718820862 0.13038548752834458 0.018140589569160852
1 0.7532596371882085 0.7120181405895692 0.1799886621315193 0.08163265306122454
1 0.7405045351473922 0.8061224489795918 0.14314058956916098 0.0702947845804988
1 0.7334183673469389 0.38548752834467126 0.23951247165532877 0.09070294784580504
0 0.3202947845804988 0.7120181405895691 0.3458049886621315 0.29478458049886624
0 0.6774376417233561 0.7097505668934241 0.33446712018140595 0.29931972789115646
1 0.6809807256235828 0.8990929705215419 0.35289115646258506 0.06575963718820858
1 0.3153344671201814 0.8945578231292518 0.34438775510204084 0.052154195011337806
