1 0.2898876404494382 0.22072409488139827 0.16404494382022475 0.06591760299625467
1 0.07022471910112359 0.26666666666666666 0.07303370786516852 0.029962546816479366
1 0.04494382022471909 0.30062421972534337 0.033707865168539325 0.029962546816479405
1 0.051123595505617965 0.3365792759051186 0.04831460674157302 0.02596754057428214
1 0.05056179775280898 0.36853932584269655 0.03820224719101123 0.021972534332084948
1 0.06404494382022471 0.40449438202247195 0.06516853932584268 0.02596754057428214
1 0.08651685393258425 0.4384519350811486 0.11235955056179775 0.02596754057428214
1 0.06123595505617978 0.4714107365792759 0.057303370786516865 0.023970037453183508
1 0.05 0.5033707865168539 0.030337078651685397 0.023970037453183508
1 0.05898876404494382 0.535330836454432 0.057303370786516844 0.027965043695380772
1 0.06179775280898876 0.5742821473158553 0.06292134831460673 0.02596754057428214
1 0.0747191011235955 0.6052434456928839 0.08426966292134833 0.019975031210986316
1 0.054494382022471914 0.6332084893882647 0.05955056179775282 0.02796504369538084
1 0.06741573033707864 0.6711610486891385 0.06741573033707864 0.02397003745318358
1 0.060674157303370786 0.7021223470661673 0.06516853932584268 0.029962546816479405
1 0.2308988764044944 0.2696629213483146 0.03033707865168541 0.019975031210986247
1 0.26179775280898876 0.2706616729088639 0.020224719101123546 0.01797752808988765
1 0.7129213483146067 0.27166042446941324 0.0325842696629212 0.023970037453183473
1 0.7410112359550561 0.27166042446941324 0.0168539325842697 0.023970037453183473
1 0.7808988764044943 0.26866416978776525 0.049438202247191046 0.021972534332084914
1 0.8224719101123595 0.26866416978776525 0.022471910112359696 0.021972534332084914
1 0.2904494382022472 0.3096129837702872 0.15617977528089888 0.03196004993757803
1 0.4393258426966293 0.41647940074906364 0.4449438202247191 0.15780274656679155
1 0.43764044943820224 0.6182272159800251 0.4415730337078651 0.2377028714107366
1 0.4359550561797753 0.8389513108614233 0.44719101123595506 0.1877652933832708
1 0.7561797752808989 0.37053682896379525 0.09438202247191001 0.021972534332084875
1 0.6842696629213484 0.7660424469413233 0.03146067415730343 0.025967540574282282
1 0.692134831460674 0.8339575530586767 0.04719101123595507 0.029962546816479405
1 0.6926966292134832 0.8599250936329588 0.04831460674157313 0.021972534332084875
1 0.699438202247191 0.8888888888888888 0.0550561797752809 0.019975031210986174
1 0.6977528089887641 0.9188514357053683 0.0494382022471909 0.02397003745318344
1 0.7752808988764045 0.781023720349563 0.08988764044943821 0.04394506866416975
1 0.7578651685393258 0.8359550561797753 0.05056179775280896 0.02596754057428214
1 0.7764044943820224 0.8629258370856654 0.09887640449438194 0.011985018726591648
1 0.7752808988764045 0.8888888888888888 0.08089887640449447 0.02796504369538084
1 0.7573033707865169 0.9158551810237203 0.053932584269662985 0.021972534332084875
0 0.7528089887640451 0.5632958801498128 0.15730337078651688 0.34756554307116105
