1 0.4279891304347826 0.2225672877846791 0.2993012422360249 0.06832298136645963
1 0.4256599378881987 0.3188405797101449 0.30395962732919257 0.1118012422360249
1 0.4221661490683229 0.458592132505176 0.2923136645962732 0.06418219461697725
1 0.4198369565217391 0.5113871635610766 0.2946428571428571 0.02484472049689451
1 0.42857142857142855 0.639751552795031 0.30046583850931674 0.0745341614906831
1 0.41809006211180116 0.694616977225673 0.2795031055900621 0.022774327122153153
1 0.42099651811103866 0.8198757763975155 0.2923136645962732 0.10351966873706005
1 0.4285714285714285 0.906832298136646 0.3027950310559006 0.05797101449275346
1 0.6451883950471782 0.6997929606625264 0.1001593987900083 0.07039337474119998
1 0.7447593167701863 0.7008281573498966 0.09200310559006213 0.05590062111801231
1 0.6347049689440993 0.5 0.07919254658385107 0.031055900621118012
0 0.7005046583850931 0.2950310559006211 0.21079192546583847 0.3126293995859213
0 0.6975931677018633 0.5910973084886129 0.21428571428571416 0.13043478260869576
0 0.701086956521739 0.8364389233954451 0.21195652173913054 0.0910973084886129
0 0.6964285714285714 0.9182194616977225 0.2212732919254659 0.03933747412008287
0 0.20671583850931674 0.8581780538302277 0.09899068322981366 0.12629399585921333
0 0.2148680124223602 0.6749482401656315 0.1106366459627329 0.13664596273291935
0 0.2131211180124223 0.49068322981366463 0.10015527950310556 0.14492753623188415
0 0.21195469094495142 0.25569358178053836 0.10947204968944096 0.1345755693581781
1 0.18167701863354035 0.14699792960662525 0.03959627329192543 0.024844720496894387
