1 0.2495188799860768 0.06858846918489066 0.29745600471246597 0.025844930417495037
1 0.33433071604045767 0.1182902584493042 0.35891385692578537 0.04174950298210737
1 0.47568377613109236 0.21371769383697817 0.6465366052841204 0.14512922465208747
0 0.5051835451934856 0.422465208747515 0.45478810637856376 0.24055666003976145
1 0.3576846998815191 0.5874751491053679 0.4449548500244326 0.03379721669980114
1 0.3404765012617896 0.5646123260437377 0.1942068129940894 0.023856858846918457
1 0.6723489032137144 0.5656063618290258 0.2581229792959416 0.021868787276341877
1 0.48060040430815787 0.6630218687872764 0.6416199771070548 0.09741550695825048
1 0.32941408786339205 0.749502982107356 0.3589138569257853 0.031809145129224704
1 0.47322546204255955 0.808151093439364 0.6465366052841204 0.05367793240556651
