1 0.18342391304347824 0.10041407867494824 0.21777950310559008 0.03519668737060041
1 0.26727484472049684 0.17598343685300208 0.3854813664596273 0.06625258799171842
1 0.26902173913043476 0.7712215320910975 0.3866459627329192 0.035196687370600444
1 0.26843944099378875 0.8457556935817806 0.39013975155279496 0.08074534161490675
1 0.264945652173913 0.922360248447205 0.373835403726708 0.03933747412008287
1 0.7872670807453415 0.14803312629399587 0.1770186335403726 0.08074534161490686
1 0.7855201863354037 0.4658385093167702 0.1735248447204968 0.09937888198757762
1 0.7890139751552795 0.7701863354037267 0.17119565217391297 0.07039337474120089
0 0.34180900621118004 0.48757763975155277 0.5322204968944099 0.5196687370600414
0 0.7878493788819876 0.31780538302277433 0.19215838509316768 0.19254658385093168
0 0.7925077639751552 0.634575569358178 0.19215838509316768 0.19254658385093165
0 0.7942546583850931 0.8830227743271221 0.20263975155279496 0.10559006211180119
