1 0.3755668934240363 0.15419501133786848 0.558390022675737 0.03628117913832199
1 0.1516439909297052 0.20975056689342406 0.090702947845805 0.03401360544217688
1 0.14030612244897958 0.37074829931972786 0.10487528344671204 0.06122448979591837
1 0.1473922902494331 0.5691609977324263 0.11337868480725623 0.06349206349206347
1 0.14668367346938774 0.7653061224489796 0.12046485260770975 0.07482993197278902
0 0.15093537414965985 0.2868480725623582 0.11196145124716551 0.09297052154195008
0 0.15022675736961452 0.47959183673469385 0.10770975056689341 0.10204081632653064
0 0.1516439909297052 0.6734693877551021 0.11054421768707481 0.10430839002267575
0 0.14951814058956917 0.8741496598639457 0.10912698412698411 0.08843537414965993
0 0.4357993197278911 0.4217687074829932 0.4067460317460317 0.4308390022675737
1 0.7475907029478458 0.2324263038548753 0.08645124716553283 0.04308390022675734
1 0.8567176870748299 0.23469387755102042 0.09778911564625843 0.03401360544217688
0 0.7979024943310656 0.37074829931972786 0.14455782312925167 0.20634920634920634
1 0.4386337868480726 0.764172335600907 0.34722222222222227 0.03628117913832199
1 0.455640589569161 0.6859410430839002 0.2054988662131519 0.047619047619047734
1 0.26927437641723356 0.7970521541950113 0.07369614512471653 0.02040816326530603
1 0.363459149861993 0.7984021678379368 0.03199965589874012 0.014079848595445697
1 0.42105853047972536 0.797762174719962 0.022399759129118166 0.015359834831395318
1 0.4818578766873317 0.7996821540738864 0.07679917415697637 0.0166398210673448
1 0.572656900300007 0.7984021678379366 0.023199750526586627 0.024319738483042527
1 0.629856285219005 0.7996821540738864 0.01759981074430705 0.019199793539244184
1 0.2638602208771642 0.8233618994389542 0.050399458040515766 0.015359834831395318
1 0.2570602939986819 0.8470416448040217 0.041599552668362245 0.014079848595445555
1 0.26346022517843 0.8656014452252911 0.05759938061773237 0.01791980730329442
1 0.2638602208771642 0.8873612112364344 0.056799389220263875 0.017919807303294562
1 0.2646602122746327 0.9091209772475779 0.05679938922026384 0.01535983483139546
1 0.363459149861993 0.8201619338490801 0.062399329002543386 0.019199793539244184
1 0.36505913265693 0.846401651686047 0.04319953546329927 0.015359834831395176
1 0.3638591455607273 0.8668814314612406 0.053599423630389824 0.01791980730329442
1 0.3670591111506013 0.8880012043544093 0.04559950965570472 0.01663982106734494
1 0.36265915846452457 0.9059210116577038 0.030399673103803124 0.014079848595445555
1 0.42065853478099113 0.8227219063209793 0.015199836551901526 0.008959903651647352
1 0.42065853478099113 0.8451216654500975 0.011999870962027686 0.015359834831395176
1 0.4218585218771939 0.8662414383432658 0.01599982794937013 0.02431973848304267
1 0.4194585476847884 0.8854412318825101 0.012799862359496005 0.016639821067344657
1 0.42025853908225685 0.9072009978936535 0.012799862359496145 0.019199793539244326
1 0.46945801002656995 0.8220819132030044 0.053599423630389824 0.03071966966279078
1 0.4750579498088494 0.8444816723321226 0.0647993031949489 0.011519876123546453
1 0.47945790249492615 0.8643214589893415 0.06399931179748038 0.01791980730329442
1 0.47345796701391246 0.8867212181184595 0.053599423630389824 0.014079848595445555
1 0.46825802293036717 0.9078409910116281 0.04319953546329927 0.015359834831395176
1 0.5750568744924126 0.8233618994389541 0.04719949245064178 0.020479779775193663
1 0.5718569089025385 0.8444816723321225 0.04239954406583081 0.016639821067345083
1 0.5718569089025385 0.8675214245792155 0.040799561270893674 0.014079848595445697
1 0.5730568959987413 0.8848012387645352 0.04639950105317339 0.025599724718992148
1 0.575856865889881 0.908480984129603 0.021599767731649563 0.016639821067345083
1 0.6290562938215366 0.8227219063209793 0.01919979353924404 0.021759766011143284
1 0.6274563110265996 0.843201686096173 0.012799862359496005 0.01407984859544584
1 0.6294562895202709 0.8649614521073162 0.013599853756964606 0.014079848595445697
1 0.629856285219005 0.8892811905903589 0.011199879564559012 0.024319738483042384
1 0.6294562895202709 0.9091209772475777 0.013599853756964606 0.012799862359495933
