1 0.35005668934240364 0.2551020408163265 0.28628117913832196 0.03854875283446713
1 0.46414399092970526 0.4160997732426304 0.5201247165532881 0.2653061224489796
1 0.3706065759637188 0.5873015873015873 0.3132086167800454 0.04081632653061227
1 0.46556122448979587 0.7086167800453516 0.5059523809523809 0.18820861678004527
1 0.43083900226757366 0.8446712018140589 0.4308390022675737 0.052154195011337945
1 0.469812925170068 0.896825396825397 0.5144557823129251 0.04308390022675738
1 0.8482142857142857 0.39455782312925175 0.20833333333333315 0.07256235827664398
0 0.8524659863945578 0.590702947845805 0.21400226757369623 0.2244897959183674
0 0.8517573696145125 0.2857142857142857 0.21541950113378674 0.1224489795918367
0 0.8836451247165533 0.8310657596371882 0.19132653061224475 0.17006802721088435
1 0.1488095238095238 0.19274376417233563 0.07936507936507935 0.027210884353741457
1 0.2132936507936508 0.1950113378684807 0.03259637188208618 0.027210884353741492
1 0.25014172335600904 0.19160997732426302 0.03826530612244898 0.02494331065759635
1 0.2919501133786848 0.19274376417233563 0.03968253968253968 0.03174603174603174
1 0.3535997732426304 0.19727891156462588 0.0751133786848073 0.03628117913832199
1 0.42020975056689347 0.19614512471655332 0.05810657596371883 0.034013605442176846
1 0.4896541950113378 0.1950113378684807 0.07794784580498863 0.04081632653061227
1 0.5527210884353742 0.1950113378684807 0.03968253968253961 0.03628117913832199
1 0.5952380952380952 0.19274376417233563 0.045351473922902556 0.03174603174603174
1 0.6434240362811791 0.19047619047619044 0.051020408163265286 0.03174603174603174
1 0.6901927437641723 0.19274376417233563 0.03968253968253961 0.040816326530612235
1 0.7327097505668934 0.19387755102040816 0.045351473922902556 0.029478458049886597
1 0.7738095238095238 0.19160997732426302 0.02834467120181401 0.02494331065759635
