1 0.4542233560090703 0.8333333333333335 0.46343537414965996 0.16553287981859413
1 0.3755668934240363 0.15419501133786848 0.558390022675737 0.040816326530612235
1 0.15022675736961452 0.21201814058956917 0.09920634920634921 0.03401360544217688
1 0.14101473922902497 0.37301587301587313 0.10912698412698413 0.0566893424036281
1 0.14243197278911565 0.5680272108843538 0.10912698412698414 0.07029478458049887
1 0.14526643990929705 0.7698412698412699 0.11196145124716553 0.06575963718820858
0 0.15235260770975056 0.6757369614512472 0.10912698412698411 0.09070294784580504
0 0.15235260770975056 0.48072562358276644 0.10912698412698411 0.08163265306122447
0 0.14951814058956917 0.27891156462585037 0.11196145124716553 0.090702947845805
0 0.4407596371882086 0.4387755102040816 0.20124716553287988 0.4875283446712018
0 0.8028628117913832 0.25736961451247165 0.2054988662131518 0.14739229024943307
0 0.7553854875283446 0.7267573696145125 0.08219954648526069 0.07936507936507951
0 0.848922902494331 0.7290249433106575 0.08503401360544217 0.07936507936507936
0 0.753968253968254 0.8968253968253967 0.08219954648526069 0.07936507936507936
0 0.848922902494331 0.891156462585034 0.08503401360544217 0.07709750566893434
1 0.8453798185941043 0.8049886621315193 0.08361678004535164 0.07256235827664398
1 0.7525510204081632 0.8072562358276645 0.0878684807256235 0.06802721088435362
1 0.7709750566893423 0.663265306122449 0.12755102040816324 0.029478458049886597
1 0.7610544217687075 0.41723356009070295 0.10770975056689353 0.03174603174603177
1 0.8028628117913832 0.4773242630385488 0.1969954648526077 0.07936507936507936
1 0.7433390022675738 0.5374149659863946 0.0552721088435375 0.02721088435374135
1 0.7957766439909298 0.5759637188208617 0.1884920634920634 0.0408163265306122
0 0.1516439909297052 0.8764172335600907 0.11337868480725621 0.09750566893424036
1 0.4528061224489796 0.7029478458049887 0.19982993197278914 0.02721088435374156
1 0.2869897959183674 0.10884353741496598 0.05243764172335602 0.03174603174603174
1 0.17219387755102042 0.1111111111111111 0.09495464852607707 0.04535147392290249
1 0.3571428571428571 0.10770975056689341 0.06519274376417236 0.03401360544217687
1 0.4386337868480726 0.10770975056689341 0.0807823129251701 0.029478458049886615
1 0.5002834467120181 0.1054421768707483 0.02834467120181401 0.024943310657596366
1 0.5569727891156462 0.10770975056689341 0.07653061224489804 0.029478458049886615
