1 0.49437111801242223 0.18322981366459629 0.560170807453416 0.15113871635610768
1 0.2404891304347826 0.29296066252587993 0.20380434782608692 0.04347826086956523
1 0.6661490683229814 0.3033126293995859 0.03493788819875789 0.04347826086956516
1 0.7069099378881987 0.30124223602484473 0.032608695652173905 0.0393374741200828
1 0.7371894409937887 0.2950310559006211 0.011645962732919202 0.026915113871635584
1 0.7569875776397516 0.29917184265010355 0.011645962732919202 0.031055900621118012
1 0.7831909937888198 0.30124223602484473 0.03610248447204967 0.0393374741200828
1 0.47469495802863654 0.5952380952380956 0.21786326193928007 0.22153209109730768
1 0.4798136645962732 0.7732919254658386 0.23757763975155285 0.08074534161490675
1 0.1467391304347826 0.7960662525879917 0.00465838509316768 0.002070393374741286
1 0.23641304347826086 0.826086956521739 0.1490683229813664 0.02484472049689444
1 0.3196816770186335 0.8975155279503106 0.3179347826086956 0.026915113871635584
1 0.7045807453416149 0.6490683229813665 0.21195652173913032 0.5817805383022775
1 0.19565217391304343 0.36749482401656314 0.06754658385093162 0.026915113871635584
1 0.37325310559006214 0.427536231884058 0.41576086956521735 0.07660455486542446
0 0.2567934782608695 0.6252587991718426 0.19448757763975152 0.25258799171842655
