0 0.24775280898876403 0.4734082397003746 0.2865168539325842 0.4993757802746568
1 0.24438202247191007 0.7850187265917603 0.3022471910112359 0.07990012484394499
1 0.5797752808988764 0.2616729088639201 0.3483146067415731 0.023970037453183542
1 0.5230337078651686 0.2976279650436954 0.24157303370786523 0.027965043695380772
1 0.5056179775280899 0.36754057428214737 0.2134831460674158 0.09987515605493137
1 0.44438202247191017 0.4404494382022472 0.08876404494382023 0.017977528089887614
1 0.6213483146067417 0.5383270911360799 0.4359550561797753 0.16579275905118607
1 0.551123595505618 0.6741573033707866 0.2910112359550563 0.03395755305867667
1 0.46292134831460674 0.7290886392009988 0.11460674157303373 0.04394506866416975
1 0.5612359550561798 0.837952559300874 0.3157303370786517 0.12584269662921344
1 0.7398876404494382 0.12184769038701622 0.29775280898876394 0.05193508114856428
0 0.3720800889877642 0.11667284637251266 0.3793103448275862 0.05537016438017549
1 0.7430478309232481 0.9304165121740204 0.1557285873192437 0.02570757631936715
1 0.4983314794215795 0.9323940180447411 0.19354838709677416 0.021752564577925994
