1 0.06348314606741573 0.12384519350811486 0.07528089887640449 0.03196004993757803
1 0.049438202247191004 0.16479400749063672 0.03820224719101124 0.025967540574282157
1 0.05786516853932584 0.26267166042446943 0.05730337078651686 0.02596754057428214
1 0.05561797752808989 0.33058676654182273 0.0550561797752809 0.02596754057428214
1 0.050561797752808994 0.3935081148564295 0.035955056179775284 0.027965043695380772
1 0.05 0.46741573033707867 0.03707865168539326 0.031960049937577964
1 0.552247191011236 0.1268414481897628 0.36067415730337077 0.0739076154806492
1 0.553932584269663 0.32859075967774365 0.35056179775280905 0.3136079900124844
0 0.7426966292134831 0.532334581772784 0.21123595505617979 0.23770287141073665
0 0.7943820224719101 0.2017478152309613 0.10561797752808985 0.19575530586766543
0 0.2921348314606742 0.27166042446941324 0.15505617977528088 0.34357053682896377
1 0.2910112359550562 0.4794007490636705 0.14382022471910116 0.063920099875156
1 0.41910112359550555 0.5972534332084893 0.42921348314606733 0.20774032459425712
1 0.44887640449438204 0.8259675405742821 0.4685393258426966 0.2377028714107365
0 0.7674157303370787 0.841947565543071 0.1438202247191012 0.1897627965043695
