1 0.7438202247191011 0.11985018726591762 0.30561797752808995 0.03995006242197254
1 0.5286516853932584 0.2826466916354557 0.24831460674157305 0.06192259675405744
1 0.4780898876404494 0.3495630461922597 0.1449438202247192 0.06392009987515607
1 0.5151685393258427 0.4114856429463171 0.22134831460674156 0.047940074906367015
1 0.5960674157303372 0.4913827752762231 0.37640449438202256 0.05992509363295888
1 0.501123595505618 0.5413233458177278 0.19550561797752813 0.027965043695380772
1 0.44213483146067417 0.5872659176029963 0.08426966292134835 0.015980024968788982
1 0.6224719101123596 0.6891385767790262 0.43146067415730327 0.16779026217228463
1 0.47247191011235956 0.8559300873907616 0.14719101123595515 0.10586766541822726
1 0.797752808988764 0.8209737827715355 0.19550561797752805 0.03595505617977537
1 0.2258426966292135 0.9168539325842697 0.3460674157303371 0.05193508114856428
0 0.248876404494382 0.5413233458177279 0.29550561797752806 0.6671660424469414
