1 0.15943877551020408 0.20748299319727892 0.08078231292517009 0.056689342403628086
1 0.15235260770975056 0.26077097505668934 0.06944444444444445 0.03174603174603174
1 0.4705215419501134 0.30158730158730157 0.272108843537415 0.07256235827664398
1 0.4839852607709751 0.40929705215419504 0.2905328798185941 0.06575963718820858
1 0.4783163265306122 0.54421768707483 0.28486394557823125 0.04535147392290249
1 0.46201814058956914 0.6485260770975055 0.2551020408163265 0.03628117913832192
1 0.47548185941043086 0.7448979591836735 0.2791950113378685 0.03854875283446717
1 0.46343537414965985 0.828798185941043 0.2437641723356009 0.03854875283446717
1 0.4039115646258503 0.870748299319728 0.10204081632653057 0.02267573696145135
0 0.32029478458049887 0.846938775510204 0.034013605442176846 0.06122448979591837
0 0.31746031746031744 0.7528344671201813 0.04251700680272112 0.054421768707482984
0 0.3181689342403628 0.6496598639455783 0.035430839002267615 0.05668934240362816
0 0.3153344671201814 0.5498866213151927 0.04109977324263042 0.07482993197278909
0 0.3181689342403628 0.40249433106575966 0.035430839002267615 0.07029478458049887
0 0.31604308390022673 0.30272108843537415 0.03117913832199548 0.07029478458049887
0 0.7553854875283446 0.2800453514739229 0.03968253968253961 0.07482993197278909
0 0.8149092970521542 0.2766439909297052 0.045351473922902556 0.08163265306122447
1 0.7872732426303856 0.21541950113378683 0.19982993197278914 0.040816326530612235
1 0.784438775510204 0.35147392290249435 0.1941609977324262 0.06349206349206352
1 0.78656462585034 0.41156462585034015 0.03684807256235828 0.029478458049886597
1 0.30328798185941047 0.20294784580498867 0.022675736961451243 0.03401360544217688
1 0.3656462585034014 0.20408163265306123 0.05668934240362816 0.040816326530612235
1 0.43154761904761907 0.2108843537414966 0.0552721088435375 0.03174603174603177
