0 0.23172628304821152 0.5806117159149815 0.30482115085536554 0.674615517539312
1 0.5863141524105754 0.31518682839321344 0.3048211508553655 0.17141869707966134
1 0.5357698289269051 0.43822360463106963 0.17262830482115085 0.05806117159149814
1 0.516329704510109 0.5197857266286504 0.13063763608087092 0.07741489545533085
1 0.6018662519440124 0.6165543459478141 0.3048211508553655 0.09400380162433045
1 0.5754276827371695 0.7948850872645585 0.26127527216174184 0.23500950406082594
1 0.8289269051321929 0.27233932057662835 0.07465007776049759 0.05806117159149818
1 0.8584758942457232 0.32763089683773977 0.14930015552099518 0.06912044237083112
1 0.8654743390357698 0.3843096595818213 0.15396578538102645 0.016588906168999457
1 0.8289269051321928 0.43822360463106963 0.07776049766718501 0.03594263003283224
1 0.874805598755832 0.572317262830482 0.1695178849144635 0.21565578019699325
1 0.8405909797822707 0.693969241403145 0.1135303265940901 0.01658890616899953
1 0.8755832037325039 0.7741489545533091 0.16485225505443238 0.12165197857266279
1 0.869362363919129 0.8819768446518057 0.15863141524105756 0.0829445308449975
1 0.8615863141524105 0.9483157476033662 0.13374805598755826 0.03870744772766543
