1 0.06235955056179774 0.7840199750312109 0.07078651685393257 0.025967540574282282
1 0.10393258426966293 0.6112359550561798 0.1404494382022472 0.04394506866416975
1 0.07921348314606741 0.4094881398252185 0.09101123595505617 0.02397003745318344
1 0.05674157303370787 0.5113607990012484 0.04606741573033709 0.03595505617977523
1 0.06797752808988763 0.2816479400749064 0.07528089887640449 0.0359550561797753
1 0.06629213483146067 0.17977528089887643 0.07191011235955055 0.03196004993757803
1 0.06404494382022471 0.44744069912609236 0.060674157303370786 0.03196004993757803
1 0.28370786516853935 0.13583021223470662 0.14719101123595507 0.05593008739076156
1 0.49213483146067416 0.27565543071161047 0.5595505617977529 0.06392009987515607
0 0.8747191011235955 0.4234706616729089 0.1786516853932585 0.34357053682896377
1 0.49382022471910114 0.3655430711610487 0.5584269662921347 0.09987515605493133
1 0.4786516853932584 0.45742821473158557 0.5325842696629214 0.07590511860174778
1 0.250561797752809 0.5153558052434457 0.07191011235955053 0.03196004993757803
1 0.500561797752809 0.5642916391963229 0.5651685393258428 0.05393258426966291
1 0.49719101123595505 0.6831460674157305 0.5629213483146068 0.1598002496878901
1 0.2539325842696629 0.7930087390761549 0.07640449438202246 0.03196004993757782
1 0.49719101123595505 0.8509363295880149 0.5629213483146068 0.07990012484394513
1 0.26235955056179777 0.9248439450686641 0.12022471910112362 0.02397003745318344
