0 0.27471910112359554 0.26866416978776525 0.11797752808988765 0.2696629213483146
0 0.2842696629213483 0.7011191067345593 0.1438202247191011 0.1757802746566793
0 0.42134831460674155 0.7091136079900124 0.13258426966292133 0.17178526841448202
0 0.7848314606741573 0.5073657927590511 0.12471910112359552 0.27166042446941324
0 0.7685393258426967 0.2047440699126092 0.15730337078651688 0.12584269662921346
1 0.24044943820224723 0.10786516853932585 0.05168539325842698 0.03196004993757803
1 0.06404494382022471 0.12684144818976278 0.06741573033707864 0.029962546816479384
1 0.04662921348314606 0.1637952559300874 0.023595505617977533 0.023970037453183525
1 0.05112359550561798 0.1957553058676654 0.03258426966292135 0.015980024968789017
1 0.05337078651685394 0.22871410736579276 0.0348314606741573 0.017977528089887614
1 0.0797752808988764 0.264669163545568 0.08988764044943821 0.021972534332084914
1 0.07640449438202246 0.2956304619225968 0.0741573033707865 0.023970037453183542
1 0.051123595505617986 0.32958801498127344 0.04157303370786518 0.027965043695380734
1 0.0550561797752809 0.36754057428214737 0.04719101123595506 0.027965043695380772
1 0.07528089887640449 0.3975031210986268 0.09887640449438201 0.027965043695380772
1 0.07191011235955055 0.43146067415730344 0.08314606741573033 0.03196004993757803
1 0.05730337078651686 0.46441947565543074 0.05393258426966293 0.021972534332084806
1 0.08764044943820223 0.49737827715355803 0.10786516853932585 0.027965043695380772
1 0.05337078651685394 0.5313358302122347 0.04606741573033708 0.015980024968788982
1 0.048314606741573035 0.5652933832709114 0.033707865168539325 0.02397003745318344
1 0.06179775280898877 0.5952559300873907 0.058426966292134834 0.023970037453183508
1 0.06685393258426967 0.6282147315855181 0.07528089887640449 0.025967540574282067
1 0.06179775280898876 0.6631710362047439 0.06292134831460673 0.02397003745318344
1 0.5140449438202246 0.2516853932584269 0.3404494382022471 0.23970037453183518
1 0.5325842696629214 0.4963795255930087 0.37078651685393266 0.2377028714107366
1 0.27640449438202247 0.500374531835206 0.1168539325842697 0.17777777777777778
1 0.7702247191011236 0.3086142322097378 0.14719101123595507 0.07790262172284645
1 0.7741573033707866 0.6711610486891385 0.09438202247191015 0.047940074906367015
1 0.41797752808988764 0.8139825218476904 0.12584269662921344 0.029962546816479405
1 0.27752808988764044 0.8019975031210987 0.11685393258426967 0.009987515605493087
1 0.6679775280898876 0.7031210986267166 0.34044943820224716 0.15980024968789025
1 0.5224719101123596 0.8569288389513109 0.6449438202247191 0.16379525593008737
