1 0.38473622389727147 0.145985401459854 0.5422456846874296 0.021897810218978117
1 0.5241708285311819 0.23722627737226276 0.6816802893213401 0.13868613138686134
1 0.49576748314279284 0.3357664233576642 0.6300378431606325 0.04744525547445253
1 0.5099691558369873 0.38321167883211676 0.7565618362543661 0.02919708029197082
1 0.5487859022301496 0.621830156988399 0.7565618362543661 0.02919708029197082
1 0.5240599703059234 0.5693079179207212 0.6472195438060083 0.06658832784845553
1 0.5163765766404426 0.5047830883874245 0.7565618362543626 0.05412457866296048
1 0.5073888670268171 0.4567380773021666 0.7565618362543653 0.035428954884717666
1 0.49964800059630643 0.41904009687822913 0.7565618362543637 0.03418257996616753
1 0.31657055822167224 0.6676374265448939 0.34037948599878964 0.02866662312663621
1 0.4885239255008535 0.708767798857024 0.6560682320805685 0.03863762247503146
1 0.4638331855838429 0.758622795599 0.6207957464848392 0.023681123452438443
1 0.47794217982213455 0.7935212933183832 0.6772317234380061 0.04362312214922895
