1 0.3467804552718968 0.14701250714150224 0.44029162683330725 0.02142409638736547
1 0.47886794332188887 0.20159294317598098 0.6005289074185435 0.048969363171121036
1 0.31718708363228104 0.2526026964792321 0.28582866266555673 0.024484681585560573
1 0.47525899556096024 0.3046326448485482 0.6048596447316581 0.048969363171121036
1 0.28903729109703685 0.3428899598259866 0.16889875521146536 0.01734331612310541
1 0.49907805078309 0.38471795753465243 0.5543343760786557 0.05815111876570626
1 0.5012434194396472 0.44439936889945636 0.5471164805567982 0.042848192774730905
1 0.40524540899894246 0.47806580607960214 0.37821772534533266 0.01836351118917044
1 0.4983562612309042 0.5071413654624553 0.5557779551830272 0.031626047048015735
1 0.47958973287407475 0.5408078026426009 0.5961981701054291 0.031626047048015804
0 0.47823163860154255 0.6858846918489065 0.5963829846089825 0.24254473161033793
1 0.2911586740897627 0.820079522862823 0.2334895647289884 0.021868787276341946
