1 0.652645530326811 0.147117296222664 0.4838578931733254 0.02783300198807158
1 0.3853984381671255 0.1878727634194831 0.33757527430697115 0.025844930417495037
1 0.5260548024616968 0.23558648111332003 0.613261748324331 0.06560636182902581
0 0.5218351115328597 0.31411530815109345 0.6217011301820053 0.07157057654075544
1 0.3685196744517769 0.3648111332007952 0.3038177468762741 0.021868787276341946
1 0.5218351115328597 0.4473161033797217 0.5991961118948739 0.1272365805168986
1 0.5218351115328597 0.5268389662027834 0.5991961118948739 0.031809145129224704
1 0.4501003657426283 0.5506958250497018 0.3882115654530168 0.01988071570576544
1 0.38399187452417977 0.5755467196819086 0.3066308741621655 0.013916500994035701
1 0.5780976572506882 0.6322067594433399 0.4529134930285197 0.08349900596421463
1 0.5218351115328597 0.6888667992047712 0.5823173481795253 0.04174950298210731
1 0.35867372895115696 0.7385685884691848 0.31225712873394834 0.03379721669980114
1 0.5260548024616968 0.7952286282306162 0.6188880028961139 0.07157057654075544
0 0.299598055947437 0.6282306163021868 0.10971196414976564 0.07952286282306162
