1 0.06404494382022471 0.13183520599250936 0.08539325842696628 0.0359550561797753
1 0.050561797752808994 0.22771535580524344 0.056179775280898875 0.03595505617977526
1 0.049438202247191004 0.2956304619225968 0.042696629213483155 0.023970037453183542
1 0.04719101123595506 0.3615480649188514 0.03370786516853932 0.027965043695380772
1 0.05337078651685394 0.39650436953807744 0.041573033707865165 0.017977528089887614
1 0.062359550561797754 0.4324594257178526 0.06404494382022471 0.017977528089887684
1 0.2713483146067416 0.10387016229712859 0.1337078651685393 0.023970037453183525
1 0.6022471910112359 0.18876554120083977 0.45393258426966293 0.13782771535580524
1 0.6067415730337078 0.299625468164794 0.46292134831460674 0.08389513108614231
1 0.5325842696629214 0.41747067102451524 0.6471910112359552 0.1358302122347066
0 0.28707865168539326 0.21473158551810237 0.16966292134831465 0.18177278401997504
1 0.23876404494382023 0.5083645443196005 0.05280898876404496 0.029962546816479405
1 0.5252808988764045 0.6202247191011235 0.6213483146067417 0.18976279650436936
1 0.4612359550561797 0.8059925093632958 0.5089887640449438 0.18177278401997513
0 0.7831460674157305 0.834956304619226 0.12134831460674164 0.22372034956304618
1 0.25617977528089886 0.9238451935081149 0.10337078651685391 0.029962546816479405
