1 0.3685947204968943 0.701863354037267 0.4413819875776396 0.09109730848861275
1 0.37558229813664595 0.8157349896480333 0.4553571428571428 0.10351966873706019
1 0.3720885093167702 0.9047619047619048 0.4390527950310559 0.04968944099378888
0 0.3703416149068323 0.3695652173913044 0.4448757763975155 0.37060041407867494
0 0.04425465838509316 0.09937888198757763 0.03493788819875776 0.06211180124223602
0 0.07861024844720496 0.09937888198757765 0.029114906832298146 0.04968944099378882
0 0.8705357142857142 0.10559006211180125 0.029114906832298146 0.057971014492753624
1 0.2923136645962732 0.5993788819875776 0.28881987577639745 0.06418219461697725
1 0.11762422360248445 0.10973084886128365 0.041925465838509306 0.04554865424430643
1 0.16420807453416145 0.11387163561076605 0.041925465838509306 0.05797101449275362
1 0.2160326086956521 0.10766045548654243 0.040760869565217385 0.03726708074534162
1 0.26669254658385094 0.10351966873706005 0.03260869565217387 0.03726708074534162
1 0.31152950310559 0.10041407867494824 0.05007763975155278 0.031055900621118012
1 0.35753105590062106 0.09627329192546583 0.0395962732919255 0.022774327122153205
1 0.404697204968944 0.10041407867494824 0.045419254658385026 0.03519668737060041
1 0.44720496894409933 0.09937888198757765 0.030279503105590067 0.04554865424430642
1 0.5019409937888198 0.10559006211180125 0.060559006211180065 0.041407867494824016
1 0.5828804347826086 0.09730848861283643 0.09433229813664588 0.028985507246376815
1 0.7866847826086957 0.10144927536231885 0.031444099378881984 0.041407867494824016
1 0.8309394409937887 0.10351966873706005 0.031444099378881846 0.03726708074534162
1 0.9118788819875775 0.10351966873706005 0.04658385093167695 0.028985507246376815
