0 0.1687402799377916 0.6386728875064801 0.13841368584758942 0.558493174356316
0 0.3048211508553655 0.6303784344219803 0.09642301710730948 0.5308449974079834
1 0.5816485225505444 0.44651805771556935 0.4199066874027995 0.17418351477449456
1 0.447900466562986 0.6538578854680719 0.13685847589424568 0.08570934853983055
1 0.4284603421461897 0.7354415068256438 0.12286158631415234 0.05529635389666496
1 0.505443234836703 0.8805944358043891 0.286158631415241 0.22395023328149294
1 0.8654743390357698 0.41334024537757047 0.1415241057542768 0.06912044237083116
1 0.8825816485225505 0.5349910295413448 0.17573872472783833 0.19079392030348494
1 0.8615863141524105 0.6663210644548124 0.1430793157076205 0.049766718506998445
1 0.8763608087091757 0.760324866079143 0.15707620528771385 0.12165197857266292
1 0.8771384136858476 0.8985657508208053 0.18040435458786944 0.12165197857266292
1 0.21073094867807157 0.9524796958700534 0.16018662519440127 0.02488335925349915
