1 0.2696629213483146 0.22971285892634208 0.10786516853932586 0.0359550561797753
1 0.4511235955056179 0.5443196004993758 0.4707865168539325 0.27765293383270906
1 0.5359550561797752 0.7970037453183519 0.6404494382022472 0.19975031210986274
1 0.24606741573033708 0.9288389513108615 0.06292134831460672 0.03595505617977537
0 0.7674157303370787 0.49737827715355803 0.15056179775280895 0.1757802746566791
1 0.7612359550561797 0.6102372034956304 0.13146067415730328 0.03795255930087393
1 0.33426966292134835 0.38052434456928835 0.20786516853932585 0.021972534332084948
1 0.29157303370786514 0.31161048689138576 0.149438202247191 0.019975031210986247
1 0.2741573033707865 0.3385767790262172 0.11460674157303369 0.017977528089887684
1 0.23202247191011235 0.2706616729088639 0.028089887640449476 0.02197253433208484
1 0.2640449438202247 0.27265917602996254 0.024719101123595485 0.017977528089887614
1 0.6808988764044943 0.27166042446941324 0.03146067415730343 0.023970037453183473
1 0.7264044943820224 0.2696629213483146 0.0505617977528091 0.019975031210986247
1 0.7820224719101122 0.27166042446941324 0.04719101123595507 0.023970037453183473
1 0.8235955056179776 0.27265917602996254 0.022471910112359553 0.017977528089887614
1 0.8011235955056181 0.2257178526841448 0.06067415730337075 0.027965043695380807
1 0.8702247191011235 0.1258426966292135 0.06853932584269672 0.027965043695380772
1 0.9207865168539325 0.1278401997503121 0.02359550561797761 0.023970037453183525
1 0.06685393258426967 0.2706616729088639 0.0797752808988764 0.03795255930087389
1 0.04719101123595506 0.3056179775280899 0.03146067415730337 0.019975031210986316
1 0.05168539325842697 0.33757802746566795 0.03370786516853933 0.023970037453183508
1 0.058988764044943826 0.3735330836454432 0.050561797752808994 0.02397003745318344
1 0.052808988764044947 0.40249687890137326 0.03820224719101124 0.017977528089887684
1 0.10449438202247191 0.43545568039950067 0.1438202247191011 0.019975031210986247
1 0.04887640449438203 0.4694132334581773 0.03258426966292135 0.02397003745318358
1 0.04494382022471909 0.5013732833957554 0.020224719101123598 0.019975031210986247
1 0.07696629213483146 0.5343320848938826 0.08876404494382023 0.02996254681647933
1 0.1 0.5782771535580524 0.1393258426966292 0.03795255930087386
1 0.052808988764044947 0.6252184769038702 0.04494382022471909 0.027965043695380772
1 0.05393258426966293 0.6561797752808988 0.047191011235955066 0.021972534332085018
1 0.04719101123595506 0.6871410736579275 0.03146067415730337 0.019975031210986174
1 0.05898876404494382 0.7191011235955057 0.057303370786516844 0.03595505617977537
1 0.06123595505617978 0.7570536828963794 0.0550561797752809 0.0279650436953807
