1 0.3380102040816327 0.1689342403628118 0.035430839002267546 0.024943310657596366
1 0.4357993197278912 0.17346938775510204 0.05810657596371883 0.02947845804988665
1 0.534297052154195 0.17346938775510204 0.04535147392290249 0.02947845804988665
1 0.6264172335600907 0.17120181405895693 0.03401360544217695 0.024943310657596404
1 0.44005102040816324 0.2414965986394558 0.2451814058956916 0.04761904761904763
1 0.4634353741496598 0.29478458049886624 0.3571428571428571 0.04988662131519277
0 0.47335600907029474 0.4852607709750567 0.3826530612244898 0.32199546485260766
1 0.4152494331065759 0.6643990929705216 0.25793650793650796 0.02721088435374156
1 0.3273809523809524 0.6950113378684807 0.07653061224489796 0.020408163265306173
1 0.6313775510204082 0.6689342403628118 0.04393424036281175 0.03174603174603163
1 0.36281179138321995 0.7290249433106577 0.11337868480725621 0.024943310657596383
1 0.33730158730158727 0.7811791383219955 0.03968253968253972 0.029478458049886455
1 0.4301303854875284 0.7811791383219955 0.05810657596371883 0.03854875283446702
1 0.5385487528344671 0.7834467120181406 0.04251700680272109 0.034013605442176666
1 0.6285430839002266 0.7834467120181406 0.03259637188208608 0.034013605442176666
1 0.352891156462585 0.8321995464852607 0.14739229024943312 0.03628117913832199
1 0.36848072562358275 0.8877551020408163 0.12188208616780041 0.020408163265306173
1 0.784438775510204 0.35374149659863946 0.14597505668934246 0.045351473922902556
0 0.753968253968254 0.27777777777777773 0.05102040816326522 0.07936507936507936
0 0.8163265306122449 0.2868480725623583 0.05668934240362816 0.07936507936507936
1 0.7865646258503403 0.41043083900226757 0.03117913832199548 0.03174603174603177
1 0.7915249433106575 0.21768707482993196 0.1544784580498866 0.04535147392290249
