1 0.6251944012441679 0.2889234491100743 0.2426127527216174 0.2626576810091585
1 0.6057542768273717 0.46448937273198554 0.2068429237947123 0.07741489545533092
1 0.568429237947123 0.6013478486262313 0.13530326594090197 0.06912044237083123
1 0.6228615863141524 0.7008717303691212 0.2534992223950233 0.10229825470883014
1 0.6259720062208399 0.892604112666321 0.25038880248833584 0.2147917746673579
1 0.838258164852255 0.1893900120960774 0.09953343701399689 0.06359080698116468
1 0.870139968895801 0.26127527216174184 0.1757387247278382 0.06912044237083116
1 0.8818040435458786 0.3345333858037158 0.1959564541213065 0.07188526006566445
1 0.8631415241057542 0.40919301883532055 0.14618973561430793 0.05529635389666488
1 0.874805598755832 0.4921375496803179 0.1726283048211509 0.09953343701399689
1 0.8328149300155521 0.5667876274408157 0.08864696734059095 0.04423708311733186
1 0.8872472783825817 0.6483497494383964 0.17884914463452575 0.11335752548816316
1 0.8639191290824261 0.7520304129946431 0.15085536547433903 0.06635562467599783
1 0.8576982892690513 0.8211508553654744 0.14463452566096435 0.03870744772766543
1 0.8856920684292379 0.895800933125972 0.09797822706065318 0.06635562467599783
0 0.2744945567651633 0.5889061689994816 0.3841368584758942 0.7575600483843096
