0 0.24943820224719102 0.4734082397003746 0.2808988764044944 0.4993757802746568
1 0.24831460674157302 0.7830212234706616 0.30112359550561796 0.07990012484394513
1 0.5865168539325842 0.2636704119850187 0.3730337078651685 0.03995006242197253
1 0.5101123595505618 0.2976279650436954 0.22247191011235956 0.03196004993757807
1 0.4707865168539325 0.3535580524344569 0.14157303370786514 0.06791510611735334
1 0.4449438202247191 0.41048689138576777 0.0808988764044944 0.021972534332084875
1 0.6191011235955056 0.5193508114856429 0.42921348314606755 0.17178526841448188
1 0.4904494382022472 0.6431960049937578 0.15168539325842695 0.031960049937577895
1 0.5646067415730337 0.7490636704119851 0.3337078651685394 0.12784019975031213
1 0.497752808988764 0.8549313358302122 0.18876404494382015 0.05193508114856428
1 0.5078651685393258 0.9138576779026217 0.21348314606741575 0.03795255930087379
1 0.7258426966292134 0.9168539325842695 0.12359550561797747 0.031960049937577964
1 0.7376404494382023 0.1128589263420724 0.3202247191011236 0.049937578027465665
