1 0.7067653004531733 0.073558648111332 0.4302049654932359 0.03180914512922465
1 0.3294140878633921 0.11630218687872766 0.2704145497386054 0.025844930417495016
1 0.5236209008574814 0.1640159045725646 0.648994919372653 0.061630218687872794
1 0.26181045042874074 0.23161033797216704 0.1155407621610405 0.025844930417495037
1 0.518704272680416 0.29721669980119286 0.6489949193726531 0.10139165009940357
1 0.5531206699198747 0.3717693836978132 0.5998286376019974 0.03976143141153088
1 0.550662355831342 0.4214711729622267 0.5998286376019977 0.051689860834990074
1 0.5482040417428092 0.47117296222664024 0.5899953812478665 0.03976143141153081
1 0.5248500579017478 0.5795228628230616 0.6465366052841202 0.172962226640159
1 0.3060601040223307 0.7007952286282307 0.20404006934822047 0.03379721669980114
1 0.5248500579017478 0.7803180914512923 0.6465366052841202 0.10934393638170974
