1 0.4862189440993785 0.13043478260869562 0.5368788819875772 0.08695652173913042
1 0.49087732919254656 0.09006211180124224 0.012810559006211121 0.010351966873706004
1 0.296389751552795 0.2163561076604555 0.28532608695652173 0.04761904761904759
1 0.7319556232421466 0.21221532091097317 0.038445407974975934 0.035196687370600284
1 0.7692158385093166 0.21325051759834365 0.026785714285714163 0.028985507246376833
1 0.8018245341614906 0.21532091097308487 0.031444099378881984 0.03312629399585923
1 0.20089285714285712 0.2815734989648033 0.061723602484472055 0.020703933747412008
1 0.36451863354037256 0.33333333333333337 0.3866459627329192 0.06625258799171846
1 0.46816770186335405 0.5434782608695652 0.21894409937888198 0.31262939958592134
1 0.36218944099378875 0.7908902691511386 0.4122670807453415 0.11180124223602476
1 0.20904503105590058 0.6635610766045549 0.09433229813664593 0.014492753623188435
0 0.2567934782608695 0.520703933747412 0.19681677018633537 0.25051759834368537
0 0.701669254658385 0.432712215320911 0.2038043478260869 0.3146997929606625
0 0.7080745341614906 0.7329192546583851 0.2259316770186336 0.23602484472049695
0 0.48796583850931674 0.9078674948240166 0.6614906832298136 0.07246376811594203
