1 0.6158361704664379 0.14507299270072993 0.5344993177633235 0.045620437956204365
1 0.5344883167761303 0.19434306569343066 0.6920087785534816 0.02737226277372262
1 0.5293350731472527 0.25 0.6558590662409862 0.07299270072992706
0 0.5606798742388314 0.39434306290898014 0.8786402515223373 0.2156934250880332
1 0.41443063043967837 0.5191605839416059 0.4725283823704744 0.02737226277372258
1 0.3214742273504047 0.5501824817518248 0.31760104388835164 0.01642335766423365
1 0.517713689263228 0.5802919708029196 0.7410691024061538 0.025547445255474345
1 0.5215850392274155 0.6167883211678833 0.6661875554731279 0.043795620437956234
0 0.5177155227610934 0.7253649635036495 0.7668903254865075 0.16240875912408753
1 0.41959487505574905 0.8284671532846716 0.49834960545082807 0.03649635036496349
