0 0.17262830482115085 0.4257819250043201 0.23328149300155523 0.34283739415932274
1 0.5505443234836703 0.31933644375324005 0.4447900466562987 0.223950233281493
1 0.3989113530326594 0.4520476931052359 0.1446345256609642 0.03594263003283217
1 0.4167962674961119 0.47830868357059814 0.2115085536547434 0.02764817694833248
1 0.4105754276827372 0.5778277876779344 0.18040435458786938 0.055296353896665026
1 0.4043545878693624 0.6469673405909798 0.17418351477449456 0.06635562467599783
1 0.44712286158631415 0.705028512182478 0.22861586314152413 0.04976671850699858
1 0.4696734059097978 0.8681527561776394 0.286158631415241 0.2433039571453257
1 0.8351477449455676 0.2515984102298255 0.09642301710730948 0.049766718506998445
1 0.8701399688958008 0.3207188526006567 0.1695178849144635 0.07741489545533092
1 0.8748055987558321 0.40366338344565406 0.18506998444790043 0.07188526006566441
1 0.8678071539657853 0.4727838258164853 0.1430793157076205 0.038707447727665496
1 0.8794712286158624 0.6276912533048913 0.17262830482115146 0.25451850108014834
1 0.8390357698289269 0.7810609987903923 0.08864696734059095 0.03594263003283217
1 0.8786936236391912 0.8681527561776394 0.17418351477449434 0.12165197857266279
1 0.858475894245723 0.9497148781752203 0.13685847589424568 0.019353723863832783
0 0.16018662519440124 0.7077933298773113 0.3172628304821151 0.12165197857266292
