1 0.30280898876404494 0.12384519350811486 0.17191011235955056 0.03196004993757803
1 0.4455056179775281 0.30162297128589266 0.47528089887640446 0.299625468164794
1 0.31741573033707865 0.4774032459425717 0.20786516853932585 0.027965043695380772
1 0.5426966292134832 0.5682896379525593 0.6561797752808988 0.1298377028714107
1 0.6179775280898877 0.7910007621559194 0.49438202247191015 0.31161048689138565
0 0.2904494382022472 0.7340823970037452 0.15842696629213485 0.18576779026217224
1 0.28595505617977524 0.8669163545568039 0.13146067415730336 0.07990012484394526
1 0.7584269662921349 0.4384519350811486 0.12584269662921357 0.06192259675405744
0 0.7696629213483146 0.27265917602996254 0.1573033707865167 0.2696629213483146
1 0.06348314606741573 0.1278401997503121 0.06853932584269662 0.023970037453183525
1 0.04606741573033707 0.16479400749063672 0.031460674157303366 0.029962546816479405
1 0.08370786516853933 0.19775280898876402 0.1089887640449438 0.023970037453183542
1 0.048314606741573035 0.22971285892634208 0.033707865168539325 0.023970037453183508
1 0.08820224719101123 0.2616729088639201 0.1089887640449438 0.01997503121098628
1 0.09213483146067417 0.2956304619225968 0.12134831460674157 0.023970037453183542
1 0.10786516853932585 0.3315855181023721 0.13707865168539324 0.031960049937578
1 0.09943820224719101 0.3735330836454432 0.1292134831460674 0.04394506866416975
1 0.06123595505617978 0.41647940074906364 0.059550561797752796 0.021972534332084875
1 0.06797752808988765 0.44943820224719105 0.06404494382022471 0.027965043695380772
1 0.057303370786516844 0.4833957553058677 0.04494382022471911 0.019975031210986247
1 0.08764044943820226 0.5193508114856429 0.1056179775280899 0.031960049937577964
1 0.057303370786516844 0.5503121098626717 0.042696629213483134 0.021972534332084948
1 0.06516853932584268 0.5842696629213484 0.060674157303370786 0.025967540574282067
1 0.052247191011235955 0.6182272159800251 0.04382022471910113 0.017977528089887614
1 0.10674157303370788 0.6471910112359551 0.14382022471910114 0.027965043695380772
1 0.10112359550561796 0.6951310861423221 0.13707865168539324 0.03995006242197249
1 0.058426966292134834 0.733083645443196 0.060674157303370786 0.02397003745318358
1 0.08202247191011237 0.7690387016229713 0.11011235955056181 0.02796504369538084
1 0.060674157303370786 0.8029962546816479 0.058426966292134834 0.02397003745318358
1 0.049438202247191004 0.8339575530586768 0.05168539325842696 0.03395755305867667
1 0.04494382022471911 0.8679151061173533 0.035955056179775284 0.029962546816479405
