0 0.17729393468118196 0.46172455503715226 0.27682737169517885 0.4921375496803179
1 0.5559875583203733 0.25158885495871836 0.39968895800933135 0.10506307240366336
1 0.4650077760497668 0.3414502076763524 0.21461897356143075 0.06359080698116472
1 0.41679626749611204 0.38707447727665456 0.1244167962674961 0.033177812337998984
1 0.43390357698289267 0.5087264558493174 0.13685847589424577 0.07741489545533092
1 0.5031104199066874 0.5792293070675651 0.2908242612752721 0.05806117159149814
1 0.5536547433903577 0.74926559529981 0.38880248833592534 0.22671505097632624
1 0.8499222395023328 0.2654224987039917 0.11041990668740283 0.06635562467599797
1 0.8685847589424571 0.33316053222740627 0.16018662519440127 0.08017971315016414
1 0.8709175738724728 0.5128736823915674 0.17418351477449448 0.26265768100915843
1 0.8763608087091757 0.7160710612373736 0.1664074650077761 0.16588906168999487
1 0.8786936236391912 0.85571107655089 0.17729393468118204 0.10229825470883014
