0 0.25112359550561797 0.4514357053682897 0.2955056179775281 0.4833957553058677
1 0.2269662921348314 0.7770287141073657 0.3393258426966292 0.07990012484394513
1 0.453932584269663 0.27965043695380776 0.10337078651685395 0.055930087390761545
1 0.47528089887640446 0.3495630461922597 0.13483146067415724 0.07191011235955048
1 0.5376404494382022 0.41048689138576777 0.26179775280898865 0.029962546816479474
1 0.4949438202247191 0.44544319600499377 0.17191011235955053 0.027965043695380772
1 0.44438202247191017 0.4764044943820225 0.07303370786516844 0.029962546816479405
1 0.6235955056179776 0.586267166042447 0.4314606741573034 0.1617977528089888
1 0.4764044943820225 0.7530586766541822 0.14157303370786523 0.11585518102372035
1 0.7988764044943821 0.717103620474407 0.19775280898876402 0.04394506866416975
1 0.48483146067415733 0.8669163545568039 0.17191011235955053 0.07990012484394526
1 0.7421348314606742 0.11685393258426967 0.3112359550561798 0.04594257178526842
