1 0.6531881804043546 0.27509936063590806 0.26127527216174196 0.14100570243649557
1 0.5863141524105754 0.4271703058961785 0.13374805598755818 0.10231019879771411
1 0.6485225505443236 0.525315362018317 0.25505443234836706 0.07741489545533092
1 0.6376360808709175 0.6013478486262313 0.24261275272161748 0.04700190081216526
1 0.6516329704510109 0.7686193191636427 0.27060653188180406 0.2654224987039917
1 0.8514774494556765 0.23915673060307585 0.09797822706065318 0.06912044237083116
1 0.8802488335925349 0.3538966649386556 0.18040435458786944 0.17694833246932778
1 0.8662519440124418 0.46172455503715226 0.12441679626749619 0.033177812337998984
1 0.8794712286158631 0.5349922239502333 0.1632970451010887 0.1133575254881631
1 0.8538102643856921 0.6165543459478141 0.1026438569206843 0.03870744772766543
1 0.8880248833592534 0.6981164679453948 0.16485225505443238 0.10229825470883014
1 0.870139968895801 0.7976499049593917 0.1353032659409021 0.0801797131501641
1 0.8880248833592534 0.873682391567306 0.15863141524105756 0.06635562467599797
0 0.2783825816485226 0.5529635389666494 0.401244167962675 0.6193191636426474
