0 0.2539325842696629 0.47840199750312107 0.2741573033707865 0.4734082397003745
1 0.40168539325842695 0.2556803995006242 0.005617977528089853 0.003995006242197263
1 0.4915730337078652 0.2606741573033708 0.18314606741573036 0.029962546816479405
1 0.49719101123595505 0.29363295880149815 0.1966292134831461 0.031960049937578
1 0.500561797752809 0.3725343320848939 0.19213483146067417 0.09388264669163547
1 0.44606741573033704 0.4364544319600499 0.08314606741573037 0.02596754057428214
1 0.6191011235955056 0.5413233458177278 0.4314606741573034 0.16779026217228463
1 0.5606741573033708 0.708114856429463 0.31011235955056177 0.12584269662921344
1 0.47528089887640446 0.8119850187265918 0.1438202247191011 0.045942571785268456
1 0.48258426966292134 0.8888888888888888 0.17415730337078655 0.05992509363295881
1 0.7646067415730338 0.8749063670411985 0.19438202247191014 0.0319600499375781
1 0.7410112359550561 0.11585518102372035 0.3067415730337079 0.05193508114856428
1 0.24213483146067413 0.7840199750312109 0.30674157303370786 0.08988764044943821
