1 0.12208398133748055 0.21703818904440988 0.19440124416796267 0.0912389839294972
1 0.18662519440124417 0.33038854807924267 0.3234836702954899 0.06912044237083119
1 0.34214618973561434 0.4105754276827372 0.29237947122861585 0.06912044237083116
1 0.29937791601866254 0.46725419042681876 0.23172628304821152 0.038707447727665496
1 0.32192846034214617 0.5211681354760671 0.2519440124416796 0.04700190081216526
1 0.31959564541213065 0.587523760152065 0.2534992223950233 0.04147226542249868
1 0.09486780715396577 0.5101088646967341 0.13374805598755832 0.09676861931916356
1 0.12208398133748055 0.7216174183514775 0.12597200622083982 0.027648176948332406
1 0.12674961119751166 0.7478616870924023 0.18818040435458783 0.04147226542249868
0 0.14618973561430793 0.7990323138068084 0.20839813374805602 0.049766718506998445
1 0.14385692068429237 0.9013305685156385 0.1415241057542768 0.03317781233799906
1 0.14696734059097977 0.9635389666493864 0.2379471228615863 0.03594263003283217
0 0.7426127527216174 0.6082909474944123 0.47744945567651664 0.6580266113703128
