0 0.20451010886469675 0.4686365992742354 0.28771384136858474 0.5557283566614827
1 0.5598755832037325 0.2820114048729912 0.37325038880248834 0.19906687402799378
1 0.5381026438569206 0.40919301883532055 0.33592534992223955 0.04423708311733201
1 0.4339035769828928 0.47278382581648515 0.13374805598755835 0.07188526006566441
1 0.42612752721617425 0.5419042681873164 0.11819595645412129 0.033177812337998845
1 0.5007776049766719 0.6801451529289787 0.26127527216174184 0.22671505097632624
1 0.8258164852255055 0.22118541558665974 0.07776049766718515 0.05529635389666496
1 0.8724727838258165 0.33592534992223944 0.1772939346811819 0.15206497321582854
1 0.8576982892690513 0.4520476931052359 0.1259720062208399 0.04700190081216519
1 0.8740279937791603 0.558493174356316 0.16485225505443224 0.14377052013132874
1 0.8740279937791601 0.6994988767928114 0.17418351477449462 0.11612234318299641
