0 0.24972191323692988 0.47756766777901377 0.27030033370411566 0.48844395006797675
1 0.667964404894327 0.2738845630947967 0.5372636262513903 0.06921270547521939
1 0.521134593993326 0.33123223334569274 0.23470522803114577 0.03361759980224946
1 0.4682981090100111 0.38561364479050797 0.12903225806451624 0.05537016438017552
1 0.5016685205784205 0.4330725636473422 0.20022246941045607 0.027685082190087796
1 0.4454949944382648 0.46768013842541095 0.07675194660734157 0.02570757631936715
1 0.6251390433815351 0.5685329378321592 0.43604004449388223 0.164132987269806
1 0.4276974416017797 0.6950933135582748 0.04783092324805338 0.033617599802249314
1 0.5984427141268075 0.6931158076875541 0.2513904338153503 0.03757261154369047
1 0.53559510567297 0.7326659251019652 0.11679644048943266 0.025707576319367292
1 0.439377085650723 0.8414287479915956 0.07119021134594 0.03757261154369047
1 0.5161290322580645 0.832529971573353 0.07563959955506114 0.05537016438017545
1 0.48887652947719684 0.9165739710789765 0.16796440489432704 0.053392658509454946
1 0.764182424916574 0.9047089358546533 0.20022246941045607 0.03361759980224946
1 0.24638487208008897 0.7830923248053392 0.30589543937708563 0.08305524657026325
1 0.7452725250278087 0.12062785811395375 0.3136818687430478 0.047460140897293265
