0 0.24775280898876403 0.47440699126092384 0.2348314606741573 0.44144818976279654
1 0.5719101123595506 0.4913857677902621 0.30112359550561796 0.03196004993757803
1 0.6140449438202248 0.5662921348314608 0.36966292134831463 0.029962546816479474
0 0.6314606741573034 0.6072409488139825 0.4157303370786517 0.023970037453183508
1 0.6235955056179776 0.6421972534332084 0.39550561797752815 0.017977528089887684
1 0.4455056179775281 0.3645443196004993 0.08202247191011239 0.04194756554307112
1 0.46741573033707867 0.4054931335830212 0.13258426966292133 0.01598002496878891
1 0.448314606741573 0.4424469413233458 0.07640449438202246 0.01398252184769035
1 0.4606741573033708 0.46242197253433204 0.10561797752808985 0.009987515605493158
1 0.17022471910112358 0.781023720349563 0.15393258426966291 0.07590511860174785
1 0.3264044943820225 0.7790262172284644 0.15168539325842695 0.08789013732833965
0 0.08033707865168539 0.4694132334581773 0.04382022471910112 0.4754057428214732
1 0.5387640449438202 0.8149812734082397 0.24157303370786523 0.15580524344569283
1 0.45056179775280897 0.6731585518102372 0.09438202247191008 0.02397003745318358
0 0.3737486095661846 0.12557162279075518 0.3893214682981089 0.057347670250896064
1 0.9154616240266964 0.23037943393894453 0.0467185761957731 0.02966258806080827
1 0.8459399332591768 0.23334569274502534 0.0634037819799778 0.03164009393152885
1 0.5589543937708565 0.26201952787047333 0.31034482758620696 0.029662588060808303
1 0.5061179087875417 0.2976146335434433 0.20689655172413793 0.03757261154369051
1 0.44327030033370407 0.332220986281053 0.07230255839822028 0.015820046965764476
1 0.5611790878754171 0.36979359782474347 0.03225806451612897 0.03955011741441105
