0 0.17884914463452567 0.3939865215137377 0.2954898911353033 0.4340763780888197
1 0.17573872472783825 0.6345256609642302 0.21461897356143075 0.04147226542249868
0 0.1734059097978227 0.7174701918092277 0.3157076205287714 0.12994643165716255
1 0.5513219284603421 0.2474511836875756 0.43701399688958 0.12994643165716258
1 0.4261275272161742 0.35666148263348885 0.19284603421461896 0.06082598928633139
1 0.40824261275272167 0.4949023673751512 0.15085536547433903 0.11612234318299641
1 0.48289269051321926 0.682909970623812 0.3032659409020217 0.3041299464316571
1 0.843701399688958 0.21565578019699327 0.11041990668740283 0.0663556246759979
1 0.8911353032659409 0.3580438914809055 0.18973561430793168 0.17971315016416106
1 0.8600311041990669 0.4741662346639019 0.13996889580093325 0.024883359253499222
1 0.8740279937791601 0.5529635389666494 0.18040435458786916 0.11059270779332983
1 0.8437013996889579 0.6386561657820427 0.1290824261275273 0.05529635389666496
1 0.8771384136858476 0.7174701918092277 0.21150855365474341 0.09123898392949727
1 0.8499222395023328 0.7962674961119751 0.19129082426127525 0.04423708311733208
1 0.8615863141524105 0.8944244963229973 0.21150855365474291 0.06907983246862544
