1 0.48738354037267073 0.15217391304347824 0.24572981366459623 0.09316770186335402
1 0.7843555900621118 0.11076604554865424 0.05240683229813655 0.031055900621118012
1 0.7261257763975155 0.11387163561076605 0.05473602484472053 0.024844720496894405
1 0.7593167701863354 0.14803312629399584 0.0908385093167702 0.014492753623188382
1 0.49786490683229817 0.43685300207039335 0.5205745341614907 0.1573498964803313
1 0.24922360248447198 0.5703933747412008 0.1956521739130434 0.043478260869565306
1 0.6754658385093166 0.5683229813664596 0.03493788819875789 0.026915113871635584
1 0.7086568322981367 0.567287784679089 0.031444099378881984 0.03726708074534173
1 0.7366071428571428 0.5683229813664596 0.012810559006211121 0.0393374741200828
1 0.7552406832298136 0.5683229813664596 0.017468944099378804 0.031055900621117943
1 0.7907608695652173 0.567287784679089 0.03726708074534144 0.02898550724637673
1 0.18808229813664595 0.634575569358178 0.043090062111801226 0.01863354037267072
1 0.37092391304347827 0.7101449275362319 0.40877329192546585 0.10766045548654234
1 0.46700310559006214 0.8592132505175982 0.20962732919254656 0.13664596273291935
0 0.2532996894409938 0.8581780538302277 0.19681677018633537 0.1594202898550725
0 0.701086956521739 0.7919254658385093 0.20263975155279496 0.3043478260869565
