1 0.05676516329704509 0.19215482979091064 0.10108864696734057 0.04147226542249872
1 0.1749611197511664 0.1949196474857439 0.12597200622083982 0.052531536201831666
1 0.7192846034214619 0.19630205633316053 0.05132192846034215 0.049766718506998445
1 0.7962674961119751 0.19630205633316053 0.09020217729393465 0.06635562467599794
1 0.8825816485225505 0.19215482979091064 0.06376360808709179 0.06359080698116468
1 0.03265940902021773 0.268187316398825 0.04354587869362364 0.038707447727665496
1 0.10186625194401244 0.26127527216174184 0.08553654743390361 0.04147226542249872
1 0.16562986003110422 0.25989286331432526 0.026438569206842927 0.05529635389666499
1 0.22006220839813373 0.268187316398825 0.06998444790046658 0.049766718506998445
1 0.30171073094867806 0.2543632279246587 0.06842923794712284 0.05529635389666496
1 0.359253499222395 0.25851045446690857 0.04043545878693621 0.0525315362018317
1 0.42534992223950235 0.25989286331432526 0.06998444790046662 0.05529635389666499
1 0.5038880248833593 0.2626576810091585 0.08709175738724724 0.06082598928633146
1 0.578538102643857 0.2543632279246587 0.03732503888024887 0.05529635389666496
1 0.8250388802488337 0.25989286331432526 0.3032659409020219 0.03317781233799895
1 0.48522550544323484 0.576448962057183 0.4323483670295491 0.06362186161226238
1 0.1104199066874028 0.6704682909970624 0.19595645412130636 0.06912044237083116
1 0.36236391912908245 0.6663210644548124 0.2830482115085537 0.03870744772766543
1 0.6205287713841369 0.6690858821496457 0.15552099533437017 0.07741489545533099
1 0.8265940902021773 0.664938655607396 0.2161741835147744 0.07465007776049759
1 0.09720062208398134 0.9483324693278037 0.10419906687402801 0.08294453084499737
1 0.18818040435458783 0.9548125108000691 0.05287713841368582 0.09037497839986174
1 0.2713841368584759 0.9428028339381371 0.07620528771384141 0.08847416623466386
1 0.3631415241057543 0.947900466562986 0.057542768273716974 0.10419906687402801
1 0.4595645412130638 0.951097287022637 0.07309486780715396 0.08847416623466386
1 0.5396578538102643 0.9534301019526525 0.0653188180404355 0.09313979609469498
1 0.6438569206842923 0.9303611543113877 0.09642301710730948 0.03594263003283217
1 0.7239502332814931 0.9506652842578193 0.04821150855365474 0.0986694314843615
1 0.8087091757387248 0.9372731985484708 0.07465007776049774 0.07188526006566448
1 0.8888024883359253 0.9317435631588044 0.0730948678071539 0.05529635389666496
0 0.49455676516329705 0.40366338344565406 0.9642301710730949 0.22118541558665977
0 0.08320373250388803 0.8515638500086401 0.09486780715396578 0.11059270779332991
0 0.18351477449455675 0.8501814411612233 0.07153965785381024 0.12994643165716255
0 0.2737169517884914 0.840504579229307 0.07153965785381029 0.11612234318299641
0 0.364696734059098 0.8460342146189737 0.06065318818040431 0.1327112493519958
0 0.4556765163297045 0.8598583030931398 0.07153965785381018 0.12718161396232944
0 0.5396578538102643 0.8280628996025575 0.05598755832037319 0.14653533782616207
0 0.6290824261275272 0.840504579229307 0.08864696734059095 0.13271124935199594
0 0.7200622083981338 0.8322101261448073 0.052877138413685854 0.11612234318299641
0 0.8079315707620529 0.840504579229307 0.07931570762052871 0.13271124935199594
0 0.8934681181959564 0.8349749438396407 0.06687402799377906 0.1327112493519958
