1 0.20671583850931674 0.20496894409937888 0.09899068322981366 0.04554865424430645
1 0.4617624223602484 0.29710144927536236 0.19448757763975152 0.10559006211180122
1 0.47399068322981364 0.4523809523809524 0.21428571428571425 0.17598343685300213
1 0.436723602484472 0.6024844720496894 0.13742236024844715 0.08695652173913054
1 0.4722437888198758 0.7008281573498966 0.21079192546583855 0.0931677018633539
1 0.47282608695652173 0.8209109730848861 0.2119565217391304 0.09730848861283647
1 0.25854037267080743 0.5817805383022774 0.19798136645962727 0.06625258799171853
1 0.2567934782608695 0.6614906832298137 0.1898291925465838 0.06004140786749488
1 0.25621118012422356 0.7494824016563146 0.1933229813664596 0.0828157349896479
1 0.25504658385093165 0.8457556935817806 0.20031055900621111 0.08074534161490675
1 0.6987577639751552 0.6262939958592132 0.21661490683229814 0.08488612836438925
1 0.6882763975155278 0.722567287784679 0.1909937888198757 0.06625258799171832
1 0.6935170807453416 0.8157349896480333 0.19681677018633542 0.08695652173913046
0 0.2614518633540372 0.3830227743271222 0.19215838509316766 0.26501035196687367
1 0.7744565217391304 0.20807453416149066 0.0698757763975155 0.0641821946169772
