1 0.4124149659863946 0.16780045351473924 0.10770975056689344 0.04081632653061227
1 0.41595804988662133 0.227891156462585 0.12613378684807258 0.03854875283446713
1 0.41666666666666663 0.30385487528344673 0.11621315192743766 0.03174603174603174
1 0.39186507936507936 0.36054421768707484 0.0807823129251701 0.03174603174603177
1 0.3982426303854875 0.41950113378684806 0.09070294784580504 0.03628117913832206
1 0.44571995464852604 0.4988662131519274 0.1828231292517007 0.03174603174603177
1 0.40462018140589573 0.5476190476190476 0.0892857142857143 0.024943310657596383
1 0.41737528344671204 0.6043083900226758 0.12046485260770971 0.02947845804988667
1 0.42658730158730157 0.6859410430839002 0.13605442176870752 0.029478458049886597
1 0.3876133786848072 0.7346938775510204 0.06094104308390023 0.03174603174603177
1 0.4046201814058956 0.7925170068027211 0.0921201814058957 0.03401360544217681
1 0.7709750566893425 0.7959183673469389 0.09353741496598644 0.0408163265306122
1 0.8007369614512473 0.17233560090702948 0.02834467120181401 0.03174603174603176
1 0.4329648526077097 0.8696145124716554 0.14314058956916098 0.03401360544217695
1 0.10983560090702948 0.282312925170068 0.1544784580498866 0.02947845804988667
1 0.10133219954648524 0.35941043083900226 0.13180272108843535 0.03854875283446717
1 0.0729875283446712 0.4421768707482993 0.05810657596371883 0.0408163265306122
1 0.08715986394557823 0.5249433106575964 0.0892857142857143 0.04308390022675731
1 0.09566326530612244 0.6054421768707483 0.11763038548752835 0.03174603174603177
1 0.08715986394557823 0.6882086167800453 0.08645124716553289 0.04761904761904759
0 0.026218820861678004 0.6882086167800453 0.024092970521541954 0.04761904761904759
0 0.023384353741496597 0.6043083900226758 0.026927437641723354 0.04308390022675731
0 0.026218820861678004 0.5226757369614512 0.029761904761904764 0.04761904761904759
0 0.022675736961451247 0.4467120181405896 0.025510204081632654 0.04081632653061227
0 0.024092970521541947 0.36507936507936506 0.036848072562358274 0.054421768707482984
0 0.024092970521541954 0.2755102040816327 0.025510204081632654 0.05668934240362813
0 0.025510204081632654 0.19160997732426308 0.03401360544217687 0.07029478458049888
1 0.09353741496598639 0.1893424036281179 0.08786848072562357 0.034013605442176846
0 0.9750566893424036 0.11678004535147393 0.025510204081632536 0.03854875283446713
0 0.031179138321995464 0.1145124716553288 0.03684807256235828 0.05668934240362811
