1 0.24831460674157302 0.10786516853932585 0.06292134831460672 0.03196004993757803
1 0.44606741573033704 0.17078651685393256 0.4786516853932584 0.08189762796504367
1 0.4516853932584269 0.296629213483146 0.4696629213483145 0.1697877652933833
1 0.5286516853932584 0.4404494382022472 0.6235955056179775 0.10986267166042453
0 0.7674157303370787 0.23270911360799 0.1438202247191012 0.21373283395755302
0 0.7685393258426967 0.7810237203495631 0.1505617977528091 0.13982521847690393
1 0.4449438202247191 0.8039950062421972 0.47191011235955066 0.18576779026217224
1 0.5573033707865168 0.6441947565543071 0.45617977528089887 0.10187265917602993
1 0.5196629213483146 0.5393258426966292 0.6235955056179776 0.0719101123595506
1 0.44438202247191017 0.9228464419475655 0.46629213483146065 0.05193508114856428
1 0.06797752808988763 0.13083645443196004 0.07752808988764044 0.00998751560549314
1 0.04831460674157304 0.16679151061173536 0.0404494382022472 0.025967540574282157
1 0.052247191011235955 0.23071161048689137 0.04606741573033707 0.02596754057428214
1 0.051123595505617986 0.29862671660424467 0.04157303370786518 0.025967540574282105
1 0.06235955056179774 0.3605493133583021 0.06629213483146067 0.03795255930087393
1 0.051123595505617965 0.42546816479400745 0.04831460674157302 0.019975031210986247
1 0.06404494382022471 0.4993757802746566 0.060674157303370786 0.03196004993757803
1 0.06235955056179776 0.5593008739076154 0.05505617977528091 0.03995006242197256
