1 0.06516853932584268 0.1278401997503121 0.07191011235955055 0.023970037453183525
1 0.045505617977528084 0.16479400749063672 0.028089887640449437 0.029962546816479405
1 0.08202247191011235 0.19775280898876402 0.10337078651685394 0.01997503121098628
1 0.04943820224719102 0.22871410736579276 0.03370786516853933 0.017977528089887614
1 0.09101123595505617 0.264669163545568 0.10786516853932585 0.017977528089887684
1 0.09438202247191012 0.29862671660424467 0.11235955056179775 0.02996254681647944
1 0.10898876404494383 0.33158551810237197 0.14831460674157304 0.015980024968788982
1 0.09719101123595505 0.3735330836454432 0.12471910112359552 0.03995006242197249
1 0.060674157303370786 0.41548064918851435 0.060674157303370786 0.023970037453183508
1 0.06741573033707864 0.44644194756554306 0.06741573033707864 0.02596754057428214
1 0.05561797752808989 0.48239700374531835 0.041573033707865165 0.01398252184769042
1 0.08595505617977528 0.5183520599250936 0.09999999999999998 0.021972534332084875
1 0.0550561797752809 0.5493133583021224 0.03146067415730337 0.019975031210986316
1 0.06516853932584271 0.5842696629213484 0.058426966292134834 0.025967540574282067
1 0.05337078651685394 0.6182272159800251 0.041573033707865165 0.017977528089887614
1 0.10168539325842696 0.6491885143570536 0.1292134831460674 0.019975031210986174
1 0.0955056179775281 0.6911360799001249 0.11460674157303372 0.03995006242197249
1 0.05786516853932584 0.736079900124844 0.05730337078651686 0.02596754057428214
1 0.08146067415730338 0.7700374531835206 0.10224719101123597 0.013982521847690492
1 0.057303370786516844 0.8019975031210987 0.06292134831460675 0.021972534332085018
1 0.05224719101123596 0.8349563046192259 0.03932584269662922 0.02397003745318344
1 0.045505617977528084 0.8659176029962546 0.03707865168539325 0.02596754057428214
1 0.30674157303370786 0.11585518102372035 0.1865168539325843 0.03196004993757803
1 0.5297752808988764 0.2157303370786517 0.6370786516853932 0.15181023720349562
1 0.4617977528089888 0.36853932584269666 0.4966292134831461 0.13782771535580524
1 0.4646067415730337 0.5612983770287141 0.5067415730337079 0.2317103620474407
1 0.5314606741573034 0.8039950062421972 0.6404494382022472 0.24169787765293393
0 0.7831460674157303 0.46741573033707867 0.11910112359550568 0.33158551810237197
