1 0.33898183794991693 0.1451292246520875 0.441660983884954 0.02783300198807156
1 0.4979235296027825 0.19880715705765406 0.5626254571782854 0.051689860834990074
1 0.49933009324572825 0.25944333996023855 0.5598123298923938 0.05765407554671967
1 0.4979235296027825 0.3091451292246521 0.5569992026065025 0.03379721669980121
1 0.4979235296027825 0.341948310139165 0.5569992026065025 0.031809145129224635
1 0.5021432205316196 0.38071570576540753 0.5598123298923939 0.03379721669980121
1 0.42618878381255115 0.4304174950298211 0.5035497841745654 0.029821073558648124
1 0.47823163860154255 0.48111332007952284 0.6076354937525482 0.05566600397614309
1 0.3305424560922427 0.5347912524850895 0.3066308741621655 0.023856858846918457
1 0.47682507495859683 0.6461232604373757 0.6048223664666568 0.1868787276341949
1 0.31928994694867696 0.7634194831013917 0.2953783650185999 0.03180914512922456
1 0.4796382022444882 0.8041749502982108 0.6104486210384397 0.04572564612326047
