1 0.06685393258426965 0.13183520599250936 0.08202247191011235 0.03196004993757802
1 0.049438202247191004 0.16479400749063672 0.02921348314606741 0.025967540574282157
1 0.05393258426966291 0.1947565543071161 0.042696629213483134 0.021972534332084914
1 0.06123595505617978 0.2317103620474407 0.06179775280898877 0.023970037453183508
1 0.049438202247191004 0.264669163545568 0.04044943820224718 0.021972534332084914
1 0.0797752808988764 0.29563046192259673 0.09438202247191012 0.027965043695380772
1 0.06179775280898877 0.3325842696629213 0.060674157303370786 0.02596754057428214
1 0.056179775280898875 0.3645443196004994 0.05168539325842696 0.029962546816479405
1 0.06179775280898876 0.3975031210986268 0.06292134831460673 0.0359550561797753
1 0.2539325842696629 0.13982521847690385 0.060674157303370786 0.05193508114856428
1 0.49550561797752807 0.13982521847690385 0.04719101123595514 0.03196004993757802
1 0.24606741573033708 0.18976279650436953 0.056179775280898916 0.027965043695380772
1 0.4853932584269663 0.18776529338327091 0.3887640449438202 0.05992509363295879
1 0.48258426966292134 0.3725313395708548 0.4168539325842697 0.3096129837702872
1 0.23988764044943822 0.37053682896379525 0.04831460674157302 0.045942571785268387
1 0.23988764044943822 0.6192259675405744 0.046067415730337055 0.031960049937577964
1 0.48932584269662915 0.6162297128589264 0.4078651685393258 0.16579275905118598
1 0.23707865168539327 0.7730337078651687 0.031460674157303394 0.043945068664169896
1 0.4904494382022472 0.7780274656679151 0.41460674157303373 0.14581772784019975
1 0.4938202247191012 0.9058676654182273 0.42134831460674166 0.08189762796504382
0 0.7820224719101122 0.22871410736579278 0.13258426966292133 0.18976279650436959
0 0.7792134831460674 0.41548064918851435 0.13370786516853925 0.1558052434456929
0 0.7786516853932585 0.6022471910112359 0.1303370786516855 0.17378277153558058
0 0.7735955056179776 0.7980024968789013 0.1382022471910112 0.16978776529338332
