0 0.252247191011236 0.44943820224719105 0.28202247191011237 0.4514357053682896
1 0.24606741573033708 0.7860174781523096 0.298876404494382 0.09388264669163547
1 0.645505617977528 0.283645443196005 0.4865168539325842 0.03196004993757807
1 0.5117977528089888 0.31660424469413234 0.22359550561797747 0.03395755305867667
1 0.4926966292134831 0.3815230961298377 0.17640449438202246 0.0719101123595506
1 0.6196629213483146 0.5223470661672909 0.43033707865168547 0.18976279650436959
1 0.7398876404494382 0.11785268414481898 0.29775280898876394 0.043945068664169785
0 0.5342696629213484 0.7370786516853931 0.26179775280898876 0.155805243445693
0 0.37541713014460515 0.11865035224323323 0.38598442714126796 0.06328018786305772
1 0.4810901001112347 0.879001359535286 0.11902113459399324 0.041527623285131626
