0 0.09212018140589567 0.28004535147392295 0.1615646258503401 0.2063492063492064
0 0.23667800453514737 0.2834467120181406 0.10204081632653061 0.1950113378684807
0 0.3826530612244898 0.2834467120181406 0.15589569160997727 0.18594104308390025
0 0.5718537414965986 0.2777777777777778 0.19132653061224494 0.19727891156462588
0 0.7433390022675737 0.2811791383219955 0.12896825396825393 0.2086167800453515
0 0.9049036281179138 0.28798185941043086 0.15731292517006792 0.19954648526077098
0 0.9034863945578232 0.5521541950113379 0.1544784580498866 0.21088435374149653
0 0.703656462585034 0.5555555555555556 0.21116780045351477 0.19047619047619044
0 0.4761904761904762 0.5510204081632654 0.20124716553287975 0.1950113378684807
0 0.3054138321995465 0.5532879818594104 0.08078231292517007 0.20861678004535145
0 0.1268424036281179 0.5487528344671202 0.21683673469387751 0.18594104308390022
0 0.09070294784580499 0.8253968253968254 0.15589569160997732 0.19954648526077093
0 0.39895124716553293 0.8174603174603174 0.18282312925170063 0.18820861678004547
0 0.6016156462585034 0.8231292517006803 0.19416099773242634 0.19954648526077107
0 0.792233560090703 0.8265306122448979 0.15873015873015872 0.19727891156462576
0 0.9353741496598639 0.8208616780045352 0.10204081632653057 0.19954648526077093
1 0.9034863945578232 0.6825396825396826 0.1544784580498866 0.05442176870748312
1 0.6845238095238095 0.6791383219954648 0.17857142857142855 0.047619047619047734
1 0.4768990929705215 0.6780045351473922 0.22250566893424029 0.0408163265306122
1 0.29691043083900226 0.6814058956916099 0.10062358276643991 0.052154195011337945
1 0.09070294784580499 0.6791383219954648 0.17290249433106578 0.05668934240362816
1 0.23100907029478457 0.746031746031746 0.08786848072562357 0.018140589569160995
1 0.2508503401360544 0.8151927437641723 0.056689342403628086 0.024943310657596383
1 0.2437641723356009 0.8741496598639454 0.04251700680272105 0.04308390022675738
0 0.20266439909297052 0.8038548752834467 0.03117913832199548 0.04761904761904759
0 0.20124716553287983 0.8718820861678005 0.03117913832199548 0.052154195011337945
1 0.08786848072562357 0.41156462585034015 0.15873015873015872 0.04761904761904759
1 0.23384353741496597 0.41496598639455784 0.09637188208616781 0.054421768707482984
1 0.3833616780045352 0.41156462585034015 0.16298185941043092 0.04308390022675738
1 0.560515873015873 0.41156462585034015 0.1743197278911564 0.04761904761904759
1 0.7426303854875284 0.4126984126984127 0.13605442176870752 0.04535147392290249
1 0.9049036281179138 0.40816326530612246 0.16865079365079383 0.0498866213151927
