1 0.520428547889914 0.27634194831013914 0.2531814557302285 0.05566600397614312
1 0.5232416751758054 0.31610337972166996 0.38258531088123404 0.03976143141153081
1 0.4026214301047331 0.5209854125089577 0.3930144111651407 0.20615081699975918
1 0.7161595936787009 0.4407470705629435 0.15371230303347722 0.020985412508957496
1 0.6733646911296077 0.4611152650569318 0.12751134228913444 0.017282104419141506
1 0.6777315179203316 0.4845695496257666 0.12227115014026602 0.019750976479018974
1 0.6751114218458973 0.5117271422844175 0.14148518801945073 0.017282104419141433
1 0.6794782486366211 0.5314781187634363 0.12576461157284505 0.0197509764790189
1 0.6759847872040422 0.5574012753921486 0.13275153443800305 0.022219848538896157
1 0.6882119022180686 0.5802383419460141 0.1606992258986354 0.023454284568835037
1 0.6602642107574365 0.6061614985747265 0.10829730440994986 0.020985412508957354
1 0.514412195947262 0.6462806695477334 0.6165959428501985 0.04197082501791513
1 0.5222724841705647 0.71479186920933 0.5973819049710138 0.09258270224540098
1 0.5240192148868543 0.8012023913050377 0.6008753664035931 0.0753005978262594
