0 0.25 0.47041198501872655 0.2707865168539326 0.5173533083645444
1 0.22471910112359553 0.775031210986267 0.34831460674157305 0.0719101123595506
1 0.5219101123595506 0.2786516853932584 0.23707865168539322 0.06991260923845197
1 0.5146067415730338 0.37453183520599254 0.21348314606741567 0.10187265917603
1 0.5 0.4514357053682896 0.18876404494382024 0.027965043695380772
1 0.6213483146067417 0.5842696629213482 0.4269662921348314 0.1937578027465667
1 0.6702247191011236 0.7380774032459425 0.5089887640449438 0.0699126092384519
1 0.7426966292134831 0.11685393258426967 0.30112359550561796 0.04194756554307116
1 0.13089887640449438 0.1807740324594257 0.06179775280898877 0.021972534332084914
1 0.2331460674157303 0.1727840199750312 0.09325842696629212 0.03395755305867667
1 0.31910112359550563 0.17578027465667914 0.03146067415730336 0.027965043695380772
1 0.3882022471910112 0.17378277153558053 0.05056179775280888 0.027965043695380772
1 0.47134831460674165 0.17378277153558053 0.0640449438202247 0.027965043695380772
1 0.5730337078651685 0.17677902621722846 0.09213483146067411 0.029962546816479405
1 0.6921348314606742 0.17478152309612985 0.10561797752808992 0.029962546816479405
1 0.791573033707865 0.17877652933832708 0.03707865168539328 0.025967540574282175
1 0.8634831460674158 0.1807740324594257 0.052808988764044926 0.03795255930087389
0 0.3709677419354838 0.11865035224323321 0.3793103448275862 0.05537016438017551
1 0.8125695216907676 0.8621925596341614 0.24360400444938818 0.11074032876035105
1 0.4755283648498332 0.8503275244098382 0.14571746384872078 0.0870102583117044
