1 0.6261646596985794 0.14233576642335766 0.5448278069954651 0.05474452554744524
1 0.42217149687018785 0.18521897810218982 0.5241708285311819 0.023722627737226283
1 0.507387033528952 0.23448905109489052 0.7152478793257999 0.06386861313868614
0 0.5164244616070758 0.3147810218978102 0.8107864047231089 0.07481751824817519
1 0.3550418173548646 0.36952554744525545 0.4105574469776252 0.03102189781021899
1 0.49448008898450607 0.4452554744525547 0.7462333470222245 0.12043795620437962
1 0.5086817616787007 0.5319343065693432 0.7952936708748968 0.052919708029196724
0 0.2917706533186702 0.6322992700729927 0.13427036001783976 0.0857664233576643
1 0.5292323972667825 0.573905109489051 0.6403663323927741 0.020072992700729913
1 0.586141763924031 0.6332116788321168 0.45445352621422663 0.08759124087591247
1 0.5190166681533721 0.6934306569343067 0.604412804351892 0.04014598540145982
1 0.3525788724080883 0.7408759124087594 0.2973401009630231 0.036496350364963445
1 0.5307352274242697 0.8010948905109488 0.6532421074735055 0.08029197080291944
