1 0.3488277834505369 0.14612326043737575 0.44447411117084534 0.033797216699801194
1 0.33194901973518837 0.18986083499005965 0.33757527430697115 0.021868787276341946
1 0.4093100200972026 0.22067594433399607 0.4866710204592169 0.023856858846918492
1 0.4965169659598368 0.25646123260437376 0.5598123298923939 0.047713717693836984
1 0.49933009324572825 0.30516898608349896 0.5654385844641768 0.04572564612326044
1 0.5021432205316196 0.34890656063618297 0.5654385844641767 0.03777335984095423
1 0.5077694751034025 0.3856858846918489 0.5710648390359596 0.027833001988071544
1 0.44728723845673685 0.41451292246520877 0.5344941843193711 0.025844930417495037
0 0.4838578931733254 0.5596421471172962 0.613261748324331 0.26043737574552694
1 0.3657065471658855 0.7137176938369783 0.37695905630945115 0.03578528827037772
1 0.4754185113156511 0.7793240556660039 0.6076354937525482 0.08747514910536779
