0 0.26205287713841374 0.6340936581994125 0.2877138413685848 0.7318126836011751
1 0.6158631415241057 0.2737169517884914 0.31104199066874016 0.17694833246932778
1 0.5264385692068428 0.16727147053741143 0.119751166407465 0.019353723863832748
1 0.5443234836702955 0.40781060998790397 0.1493001555209954 0.04147226542249875
1 0.5396578538102643 0.5405218593398998 0.15552099533437022 0.10782789009849665
1 0.6080870917573873 0.6193072195537634 0.2986003110419906 0.049766718506998514
1 0.6174183514774486 0.758892292058414 0.3328149300155519 0.24050091836606394
1 0.8569206842923793 0.18382215562198262 0.12752721617418344 0.058061171591498206
1 0.8802488335925349 0.2488335925349922 0.17418351477449462 0.03870744772766543
1 0.8709175738724727 0.2861586314152411 0.13685847589424568 0.024883359253499257
1 0.8825816485225505 0.3538918873031021 0.1726283048211509 0.05529635389666488
1 0.8771384136858476 0.41334024537757036 0.17418351477449448 0.0525315362018317
1 0.8522550544323484 0.4727838258164853 0.10886469673405913 0.02764817694833248
1 0.8864696734059098 0.5529635389666494 0.19906687402799392 0.11059270779332983
1 0.869362363919129 0.6469673405909798 0.15241057542768274 0.06635562467599783
1 0.8802488335925349 0.727147053741144 0.17107309486780709 0.06082598928633146
