1 0.5707620528771383 0.26127527216174184 0.41990668740279935 0.17971315016416106
1 0.45878693623639194 0.3787704689210477 0.19595645412130644 0.06082598928633139
1 0.43157076205287725 0.49904959391740106 0.13841368584758945 0.0801797131501641
1 0.5038880248833593 0.6041126663210644 0.29860031104199064 0.1188871608778296
1 0.5552099533437014 0.8073267668913081 0.3888024883359254 0.2543632279246587
1 0.8530326594090201 0.2101261448073268 0.12597200622083973 0.06635562467599794
1 0.8740279937791603 0.3096595818213237 0.1772939346811819 0.12718161396232933
1 0.8553654743390358 0.37878002419215484 0.130637636080871 0.027648176948332406
1 0.875583203732504 0.5336098151028166 0.18351477449455672 0.2433039571453258
1 0.8670295489891134 0.7700017280110599 0.1664074650077758 0.1520649732158288
1 0.8390357698289269 0.8640055296353896 0.10419906687402801 0.030412994643165662
1 0.8818040435458786 0.9469500604803871 0.18040435458786916 0.09676861931916364
0 0.17107309486780714 0.4105754276827372 0.28615863141524106 0.5004320027648177
