0 0.25112359550561797 0.535330836454432 0.28426966292134837 0.6312109862671662
0 0.5803370786516854 0.5283395755305869 0.2191011235955056 0.10586766541822733
1 0.42134831460674155 0.4873907615480649 0.038202247191011195 0.02397003745318358
1 0.4196629213483146 0.6212234706616729 0.016853932584269628 0.019975031210986316
1 0.5971910112359551 0.6352059925093634 0.250561797752809 0.06392009987515607
1 0.7415730337078651 0.11985018726591759 0.30786516853932583 0.055930087390761545
1 0.5174157303370787 0.28164794007490634 0.22134831460674156 0.05992509363295877
1 0.4691011235955056 0.34756554307116105 0.12921348314606745 0.06392009987515604
1 0.5078651685393258 0.40749063670411984 0.2067415730337079 0.047940074906367015
1 0.44887640449438204 0.6781523096129838 0.09101123595505613 0.021972534332084875
1 0.6191011235955056 0.7790262172284644 0.4269662921348315 0.16779026217228463
1 0.797191011235955 0.9108614232209737 0.19662921348314596 0.02397003745318358
1 0.22696629213483147 0.9028714107365792 0.3438202247191011 0.07990012484394513
