1 0.3516409107364284 0.14612326043737575 0.47823163860154255 0.021868787276341946
1 0.46979225674386826 0.18986083499005965 0.613261748324331 0.0377733598409543
1 0.4979235296027825 0.23956262425447317 0.5626254571782854 0.04572564612326047
1 0.500736656888674 0.2992047713717694 0.5569992026065025 0.06163021868787283
1 0.5021432205316196 0.3558648111332008 0.5710648390359596 0.047713717693836984
1 0.4064968928113112 0.4065606361829026 0.4697922567438683 0.02982107355864805
1 0.47260538402975966 0.4731610337972167 0.6245142574678968 0.09145129224652081
1 0.31647681966278557 0.5427435387673956 0.289752110446817 0.031809145129224704
1 0.35023434709348267 0.5656063618290258 0.3685196744517769 0.013916500994035772
1 0.500736656888674 0.6202783300198808 0.5626254571782853 0.0755467196819086
1 0.5035497841745653 0.6868787276341948 0.5569992026065025 0.045725646123260334
1 0.5035497841745653 0.7445328031809146 0.579504220893634 0.04970178926441363
1 0.5091760387463482 0.7982107355864813 0.5682517117500683 0.04572564612326047
