1 0.3394798136645963 0.15010351966873706 0.529891304347826 0.09730848861283642
1 0.10539596273291925 0.23706004140786752 0.0640527950310559 0.03933747412008284
1 0.15722049689440992 0.2877846790890269 0.09316770186335405 0.03726708074534162
1 0.20788043478260868 0.9109730848861284 0.25970496894409933 0.03726708074534173
1 0.7348602484472049 0.10766045548654243 0.08385093167701854 0.03726708074534162
1 0.7884316770186335 0.19668737060041408 0.19099378881987575 0.09109730848861285
1 0.7715450310559007 0.3167701863354037 0.15722049689440992 0.082815734989648
1 0.7861024844720496 0.43374741200828154 0.1840062111801244 0.08488612836438918
1 0.8553959627329192 0.5507246376811594 0.0756987577639751 0.00828157349896479
0 0.33715062111801236 0.6231884057971014 0.5182453416149068 0.5010351966873705
0 0.7913431677018633 0.7101449275362319 0.1991459627329192 0.28571428571428564
