1 0.4079034564542569 0.5019880715705765 0.3657065471658855 0.15308151093439362
1 0.5218351115328597 0.2803180914512922 0.21098454644185707 0.035785288270377684
1 0.5274613661046424 0.31610337972166996 0.5035497841745653 0.03976143141153081
1 0.7131277669734767 0.44532803180914515 0.16597450986759418 0.023856858846918527
1 0.6540520939697568 0.4602385685884692 0.09283320043441712 0.013916500994035772
1 0.6835899304716168 0.48111332007952284 0.15190887343813705 0.023856858846918527
1 0.6793702395427796 0.5178926441351889 0.1434694915804628 0.029821073558648124
1 0.711721203330531 0.5477137176938369 0.20817141915596557 0.02186878727634202
1 0.6709308576851052 0.5705765407554672 0.1153382187215486 0.015904572564612352
1 0.6948424396151824 0.5914512922465209 0.16316138258170285 0.017892644135188932
1 0.6878096214004539 0.6252485089463221 0.1434694915804628 0.03379721669980121
1 0.6976555669010739 0.65506958250497 0.16316138258170276 0.021868787276341804
1 0.412123147383094 0.6332007952286282 0.36851967445177697 0.10139165009940357
1 0.524648238818751 0.7077534791252486 0.6048223664666568 0.03976143141153074
1 0.8523775676251023 0.8518886679920477 0.05063629114604581 0.013916500994035772
