1 0.37569879581914767 0.14872262773722628 0.6067987423883141 0.04197080291970801
1 0.35762393966289996 0.18886861313868614 0.4415429146740498 0.03467153284671532
1 0.4079753246695899 0.22354014598540148 0.5422456846874296 0.020072992700729948
1 0.4854389939106513 0.26277372262773724 0.6506948216249157 0.047445255474452566
1 0.4828587051004815 0.31386861313868614 0.6506948216249157 0.047445255474452566
1 0.4647966834292926 0.7153284671532846 0.6506948216249157 0.047445255474452566
1 0.4751233391635685 0.3494525547445255 0.6765160447052694 0.027372262773722653
1 0.47254305035339866 0.3841240875912409 0.6765160447052694 0.027372262773722653
1 0.43638050355584457 0.4142335766423358 0.5525741739195711 0.02189781021897808
0 0.49189429968073967 0.5483576642335767 0.9166534193525595 0.2427007299270074
1 0.3085599488144968 0.6788321167883211 0.4208859362097669 0.014598540145985479
1 0.4660749100982514 0.7883211678832117 0.7307406131740122 0.08759124087591247
