1 0.3489066093915575 0.1425770646075889 0.6167217743985327 0.024129818423116324
1 0.5527022130422837 0.2232611449598842 0.7767706777891553 0.1040598419496893
1 0.361708700106863 0.2911262592748991 0.4588068563864515 0.028654159377450698
1 0.5025462704227782 0.3280750437352959 0.685009306511865 0.03921095493756411
1 0.3126288579563497 0.37181033962719423 0.36917947048770294 0.021113591120226757
1 0.48014671017186816 0.47813235205405086 0.7767706777891553 0.17946552452192804
1 0.3435716459452034 0.599535500995355 0.40118925116582743 0.033178500331785085
1 0.2784850918996835 0.7330035591482175 0.2582122308035379 0.02262170477167146
1 0.46947678327916004 0.7993605598117876 0.6401956135624909 0.09802738734391028
1 0.4961516005109303 0.663630331181758 0.8002445169531133 0.09501116004102073
