1 0.04354587869362364 0.18800760324866078 0.07776049766718507 0.04423708311733193
1 0.08320373250388802 0.24606877484015896 0.15396578538102643 0.049766718506998445
1 0.08709175738724725 0.33316053222740627 0.1617418351477449 0.06359080698116472
1 0.0598755832037325 0.381535286615881 0.10108864696734057 0.033177812337998984
1 0.061430793157076204 0.4714014169690687 0.1010886469673406 0.1244167962674961
1 0.07931570762052878 0.5750820805253153 0.14618973561430793 0.07188526006566441
1 0.04121306376360809 0.6621642826414557 0.06998444790046657 0.08017971315016417
1 0.08087091757387245 0.8308277172973908 0.1306376360808709 0.23500950406082594
1 0.04743390357698289 0.9810782789009849 0.08864696734059098 0.037843442198030035
1 0.3234836702954899 0.24053913945049246 0.2426127527216174 0.03870744772766546
1 0.31026438569206843 0.7713841368584758 0.24416796267496113 0.09953343701399703
0 0.3250388802488336 0.49628477622256784 0.2332814930015552 0.4396060134784863
