1 0.7408231368186874 0.11568409343715239 0.31368186874304776 0.053392658509454946
1 0.6557285873192435 0.2728945881189774 0.49276974416017794 0.06723519960449885
1 0.5139043381535039 0.332220986281053 0.21802002224694106 0.035595105672969966
1 0.47052280311457173 0.3866023977258682 0.13348164627363743 0.05734767025089603
1 0.5016685205784204 0.43307378568780125 0.1957730812013348 0.027685082190087727
1 0.4454949944382648 0.4706463972314918 0.08787541713014456 0.027685082190087727
1 0.6229143492769744 0.5705104437028797 0.43604004449388206 0.1562229637869236
1 0.5578420467185762 0.6921270547521938 0.31034482758620685 0.039550117414410974
1 0.5305895439377085 0.7366209368434062 0.11790878754171302 0.03361759980224946
1 0.489432703003337 0.8562600420219998 0.16462736373748613 0.09492028179458657
1 0.4810901001112347 0.9284390063033 0.1568409343715239 0.02966258806080816
1 0.7658509454949944 0.8127549128661476 0.19911012235817566 0.05537016438017545
1 0.22858731924360398 0.7801260659992585 0.3370411568409344 0.11667284637251271
0 0.23081201334816462 0.4647138796193302 0.3303670745272525 0.49833147942157957
1 0.9104560622914348 0.22345816339142258 0.050055617352614094 0.023730070448646643
