1 0.37414965986394555 0.15419501133786848 0.5583900226757369 0.03628117913832199
1 0.15235260770975056 0.2086167800453515 0.09778911564625851 0.036281179138322024
1 0.1417233560090703 0.37755102040816324 0.11337868480725626 0.05668934240362816
1 0.1459750566893424 0.5680272108843538 0.10770975056689343 0.056689342403628086
1 0.1473922902494331 0.7675736961451247 0.11337868480725623 0.06122448979591837
1 0.4478458049886622 0.8219954648526078 0.4450113378684808 0.16553287981859413
1 0.43367346938775514 0.22675736961451246 0.32029478458049887 0.04535147392290249
1 0.3231292517006803 0.2743764172335601 0.1360544217687075 0.036281179138321955
1 0.546343537414966 0.2766439909297052 0.04676870748299322 0.022675736961451278
1 0.31037414965986393 0.31065759637188206 0.10204081632653061 0.03174603174603177
1 0.31462585034013607 0.3469387755102041 0.11054421768707488 0.03174603174603177
1 0.32242063492063494 0.38321995464852604 0.12896825396825398 0.02267573696145121
1 0.31391723356009066 0.4160997732426304 0.12046485260770975 0.03401360544217688
1 0.31179138321995464 0.4512471655328798 0.10487528344671208 0.03174603174603177
1 0.32171201814058953 0.4909297052154195 0.12188208616780041 0.024943310657596383
1 0.31887755102040816 0.5238095238095238 0.11621315192743761 0.027210884353741492
1 0.3125 0.5566893424036281 0.10062358276643991 0.029478458049886597
1 0.30612244897959184 0.5952380952380953 0.08786848072562357 0.0385487528344671
1 0.3210034013605442 0.6258503401360545 0.13180272108843535 0.03174603174603177
1 0.3167517006802721 0.671201814058957 0.11479591836734696 0.03628117913832199
1 0.5449263038548753 0.31065759637188206 0.0836167800453515 0.02267573696145121
1 0.5442176870748299 0.34807256235827666 0.08503401360544217 0.03401360544217688
1 0.5449263038548753 0.38095238095238093 0.0807823129251701 0.03174603174603177
1 0.5470521541950113 0.4206349206349207 0.08503401360544219 0.0294784580498867
1 0.5498866213151927 0.453514739229025 0.07369614512471649 0.0317460317460317
1 0.5470521541950113 0.4886621315192744 0.08503401360544217 0.02947845804988667
1 0.5470521541950113 0.5249433106575964 0.07936507936507936 0.024943310657596314
1 0.5477607709750566 0.5634920634920635 0.0892857142857143 0.024943310657596526
1 0.5435090702947846 0.5986394557823129 0.04676870748299322 0.03628117913832192
1 0.5470521541950113 0.6326530612244897 0.08786848072562364 0.04081632653061227
1 0.5442176870748299 0.673469387755102 0.08786848072562357 0.03628117913832199
0 0.15093537414965985 0.2891156462585034 0.11763038548752833 0.08843537414965982
0 0.1516439909297052 0.4841269841269842 0.11337868480725621 0.09297052154195008
0 0.15447845804988664 0.6734693877551021 0.11337868480725626 0.08616780045351483
0 0.15093537414965985 0.8730158730158729 0.11196145124716551 0.09523809523809533
0 0.8007369614512472 0.37981859410430835 0.13605442176870752 0.20634920634920634
1 0.7447562358276645 0.22789115646258506 0.10062358276643991 0.05668934240362816
1 0.8517573696145125 0.2324263038548753 0.10204081632653071 0.04308390022675734
