0 0.2567934782608695 0.27639751552795033 0.20147515527950305 0.26293995859213254
0 0.6981754658385093 0.20082815734989648 0.2154503105590061 0.14906832298136646
0 0.6987577639751552 0.39648033126293997 0.20962732919254656 0.13043478260869562
0 0.703416149068323 0.7028985507246377 0.2049689440993788 0.3043478260869565
0 0.7005046583850931 0.9078674948240166 0.20846273291925463 0.06832298136645974
0 0.36393633540372666 0.9078674948240166 0.41809006211180116 0.051759834368530024
1 0.4757375776397515 0.23084886128364387 0.22010869565217392 0.15942028985507245
1 0.4763198757763975 0.4130434782608695 0.21894409937888198 0.09316770186335396
1 0.24572981366459623 0.474120082815735 0.16770186335403717 0.03312629399585916
1 0.21253881987577636 0.4244306418219462 0.10597826086956522 0.020703933747412008
1 0.36451863354037256 0.6863354037267081 0.4285714285714285 0.3581780538302277
1 0.6416925465838509 0.48861283643892345 0.09316770186335412 0.03726708074534159
1 0.7540760869565216 0.49275362318840576 0.10364906832298132 0.045548654244306375
1 0.624805900621118 0.2971014492753623 0.05706521739130444 0.026915113871635584
