1 0.5583203732503886 0.2142614272606928 0.40746500777604966 0.1244167962674961
1 0.45645412130637636 0.30687087594872275 0.20684292379471228 0.07741489545533092
1 0.4276827371695179 0.4949023673751512 0.14618973561430793 0.09400380162433035
1 0.5062208398133748 0.6041126663210644 0.29393468118195953 0.07465007776049766
1 0.5583203732503889 0.7769137722481423 0.401244167962675 0.2377743217556592
1 0.8398133748055987 0.20183169172282703 0.12130637636080877 0.09400380162433039
1 0.8390357698289269 0.29721790219457406 0.09797822706065318 0.04147226542249872
1 0.8755832037325039 0.39813374805598756 0.1772939346811819 0.07741489545533085
1 0.8662519440124418 0.46862704400312827 0.1399688958009331 0.03594263003283217
1 0.8265940902021773 0.5087264558493174 0.07620528771384144 0.02764817694833248
1 0.8794712286158631 0.554345947814066 0.18195956454121315 0.04147226542249875
1 0.8818040435458786 0.6870571971660618 0.17729393468118204 0.190772420943494
1 0.8740279937791601 0.840504579229307 0.19906687402799364 0.06635562467599783
0 0.18351477449455678 0.3953689303611543 0.26438569206842927 0.47001900812165187
