1 0.44712990936555885 0.8253776435045317 0.44108761329305124 0.1909365558912387
1 0.438821752265861 0.21268882175226586 0.3549848942598187 0.043504531722054374
1 0.15181268882175225 0.20785571508109638 0.10120845921450149 0.024170644663703417
1 0.14048338368580063 0.3734138972809668 0.10271903323262842 0.07009063444108761
1 0.14501510574018125 0.5716012084592145 0.10574018126888216 0.07009063444108761
1 0.14425981873111782 0.7685800604229607 0.10725075528700904 0.06283987915407863
1 0.3768882175226586 0.15347432024169183 0.5574018126888217 0.0314199395770393
0 0.15030211480362538 0.29123867069486403 0.1132930513595166 0.09909365558912381
0 0.15256797583081572 0.48580060422960725 0.11480362537764349 0.10151057401812685
0 0.15181268882175225 0.676737160120846 0.11027190332326282 0.1063444108761329
0 0.14954682779456194 0.8749244712990937 0.11178247734138974 0.10151057401812694
1 0.7454682779456193 0.23685800604229607 0.08912386706948638 0.05317220543806645
1 0.8580060422960726 0.23323262839879155 0.09063444108761332 0.026586102719033243
0 0.7968277945619334 0.3734138972809668 0.20090634441087601 0.21993957703927497
1 0.2854984894259819 0.10876132930513595 0.05438066465256796 0.03383685800604232
1 0.3580060422960725 0.10634441087613293 0.06344410876132926 0.02900302114803626
1 0.4395770392749245 0.10876132930513595 0.08157099697885194 0.03383685800604232
1 0.5 0.10876132930513595 0.02719033232628405 0.024169184290030222
1 0.5574018126888218 0.10996978851963746 0.06646525679758306 0.036253776435045335
1 0.6223564954682779 0.10634441087613293 0.04531722054380673 0.02900302114803626
1 0.6744712990936556 0.10513595166163142 0.049848942598187305 0.03141993957703928
1 0.7288519637462235 0.10996978851963746 0.04380664652567973 0.026586102719033243
1 0.7870090634441087 0.10996978851963746 0.06344410876132926 0.026586102719033243
