1 0.557542768273717 0.2709521340936582 0.4401244167962674 0.1769483324693278
1 0.45723172628304826 0.38845688612407114 0.21461897356143075 0.06359080698116465
1 0.42612752721617414 0.5322274062554 0.16485225505443232 0.13547606704682913
1 0.49222395023328147 0.7243822360463108 0.2721617418351478 0.21012614480732686
1 0.8382581648522551 0.2198030067392431 0.08398133748055997 0.04700190081216522
1 0.8748055987558321 0.3428373941593226 0.18506998444790043 0.16588906168999482
1 0.8646967340590979 0.45619491964748576 0.14930015552099532 0.049766718506998445
1 0.8818040435458786 0.6124071194055642 0.18973561430793168 0.25159841022982543
1 0.843701399688958 0.7575600483843097 0.1290824261275273 0.02211854155866604
1 0.8701399688958008 0.8405045792293072 0.1664074650077761 0.12165197857266279
1 0.8522550544323483 0.9621565578019698 0.1430793157076205 0.033177812337998915
0 0.18040435458786935 0.40919301883532055 0.2799377916018662 0.4755486435113185
1 0.17418351477449456 0.6635562467599793 0.16796267496111972 0.02211854155866604
