1 0.7402669632925472 0.12062785811395375 0.31701890989988885 0.047460140897293265
1 0.22302558398220243 0.7801260659992585 0.3503893214682981 0.09294277592386607
1 0.5450500556173526 0.28377209244839946 0.27808676307007796 0.06130268199233711
1 0.4660734149054505 0.367813647873105 0.12235817575083424 0.10678531701890982
1 0.5183537263626251 0.44988258558892597 0.22469410456062291 0.04943764676801393
1 0.5066740823136818 0.5329378321591892 0.20578420467185765 0.06130268199233726
1 0.4988876529477197 0.5803979730564826 0.19243604004449388 0.02570757631936715
1 0.44215795328142377 0.6229143492769744 0.07897664071190207 0.03164009393152888
1 0.6256952169076752 0.7385984427141268 0.4549499443826474 0.160177975528365
1 0.4760845383759733 0.8780126065999257 0.12680756395995543 0.10283030527746874
1 0.796440489432703 0.8592263008280806 0.20244716351501665 0.03757261154369047
0 0.24972191323692988 0.4706463972314918 0.28809788654060065 0.5181065381287852
