1 0.6470192757550283 0.147117296222664 0.47260538402975966 0.023856858846918492
1 0.34882778345053694 0.18886679920477134 0.2756864740173598 0.019880715705765405
1 0.5204285478899139 0.22763419483101394 0.6076354937525482 0.04970178926441353
1 0.33194901973518837 0.2783300198807157 0.230676437443097 0.023856858846918492
1 0.3150702560198398 0.31809145129224653 0.15190887343813705 0.023856858846918492
1 0.289752110446817 0.34890656063618297 0.10689883686387425 0.009940357852882685
1 0.29819149230449127 0.39662027833001984 0.12377760057922281 0.021868787276341946
1 0.30100461959038266 0.43339960238568587 0.12940385515100566 0.027833001988071544
1 0.2855324195179798 0.46123260437375746 0.09845945500619997 0.01590457256461228
1 0.3150702560198398 0.4831013916500994 0.15753512800991992 0.01590457256461228
1 0.45994631124324825 0.31908548707753476 0.09283320043441712 0.02982107355864809
1 0.45572662031441113 0.3558648111332008 0.1012725822920914 0.03578528827037779
1 0.47682507495859683 0.39860834990059646 0.12096447329333138 0.01789264413518886
1 0.4655725658150311 0.4274353876739563 0.11533821872154854 0.015904572564612352
1 0.42618878381255115 0.4592445328031809 0.030944400144805685 0.015904572564612352
1 0.4402544202420083 0.48111332007952284 0.03657065471658853 0.01988071570576537
1 0.6006026755378197 0.3220675944333996 0.10408570957798283 0.019880715705765405
1 0.5943942089373004 0.3647149292558403 0.09110491718047023 0.03832438264707072
1 0.5900558795477543 0.4011230927705575 0.08893575248569703 0.032958969076480854
1 0.59927482950054 0.4287166482764484 0.11171198178081475 0.011497314794121251
1 0.5645681943841704 0.4624421050058706 0.04012954685330264 0.016096240711769735
1 0.5862598413319013 0.4796880771970524 0.07266701727489888 0.016862728364711116
1 0.6985141142864093 0.481604296329406 0.034706635116369566 0.009964339488238352
1 0.6914643290283968 0.46129237352645847 0.0357912174637562 0.02606058020000809
1 0.7494894846135771 0.427950160623507 0.13231904638115907 0.019162191323535395
1 0.7261709641447663 0.40303931190291103 0.09435866422262976 0.02912653081177382
1 0.731051584708006 0.35398410211466036 0.09761241126478955 0.024527604894125157
1 0.7343053317501657 0.3217916206911211 0.11062739943342806 0.029126530811773712
1 0.7202057612341405 0.29841374727640796 0.06941327023273942 0.013030290100004081
1 0.5851752589845148 0.29956347875582007 0.07266701727489888 0.018395703670593944
1 0.4561099596455154 0.29841374727640796 0.07483618196967193 0.017629216017652532
1 0.5282346857467209 0.5183957036705938 0.6225502673998801 0.034491944382363686
1 0.3302984073486755 0.5632352313676667 0.22884687529856215 0.032192481423539476
1 0.5222694828360949 0.6218715368176849 0.5997740381047624 0.0605525245823717
1 0.5233540651834815 0.6690105274735818 0.6019432027995356 0.030659506117656575
1 0.5249809387045613 0.7222814193530103 0.6095352792312414 0.06975037641766875
1 0.5195580269676284 0.7881993575059718 0.6030277851469221 0.06361847519413744
