0 0.25139043381535037 0.47954517364973426 0.24694104560622918 0.4805339265850945
1 0.6612903225806451 0.26201952787047333 0.5127919911012235 0.033617599802249425
1 0.5016685205784205 0.3005808923495241 0.2046718576195773 0.03164009393152885
1 0.46496106785317015 0.3529847979236188 0.12235817575083431 0.0573476702508961
1 0.5016685205784204 0.4024224446916327 0.1957730812013348 0.02570757631936722
1 0.4471635150166852 0.43999505623532315 0.07786429365962177 0.021752564577926067
1 0.6268075639599556 0.5448028673835126 0.44382647385984436 0.16808799901124702
1 0.424916573971079 0.6674082313681869 0.037819799777530604 0.02966258806080816
1 0.5923248053392659 0.6664194784328267 0.2502780867630702 0.04350512915585227
1 0.5339265850945495 0.7049808429118773 0.12235817575083424 0.02966258806080816
1 0.41935483870967744 0.8315412186379929 0.028921023359288044 0.02570757631936715
0 0.5823136818687431 0.8295637127672723 0.21468298109010014 0.0889877641824249
1 0.4360400444938821 0.9195402298850576 0.06006674082313687 0.015820046965764476
1 0.5745272525027809 0.9126189593375355 0.1946607341490546 0.04548263502657278
1 0.24972191323692988 0.7860585836114201 0.30812013348164624 0.08107774069954274
1 0.743047830923248 0.12161661104931404 0.3136818687430479 0.04943764676801385
