1 0.3472938127322226 0.14978318469954652 0.4724440705215814 0.019476451261241347
1 0.2836450976758428 0.18641746207188137 0.23753437990112838 0.02411370156153687
1 0.4765597598054886 0.2355723152550143 0.6023661899150163 0.057501903723664934
1 0.4765597598054886 0.29585656915885655 0.6023661899150163 0.05935680384378312
1 0.4791844490861641 0.3649515986332604 0.6049908791956919 0.07512345486478793
1 0.4785282767659952 0.42662702762719124 0.5984291559940031 0.04451760288283737
1 0.27445868519347877 0.48320148129079704 0.19291466212964573 0.020403901321300422
1 0.47852827676599474 0.5458043603447869 0.6036785345553535 0.09181755594585234
1 0.5021504802920743 0.6538522923416735 0.551184748941845 0.10943910708697509
1 0.503462824932412 0.7401051479271709 0.5590588167838714 0.05750190372366475
