1 0.7100836347097292 0.1386861313868613 0.3356759000445993 0.04379562043795619
1 0.517713689263228 0.20072992700729927 0.6842624116293756 0.05474452554744524
0 0.48027474929458047 0.32208029197080296 0.8107864047231089 0.1624087591240876
1 0.3937736519753953 0.4151459854014598 0.40539320236155446 0.027372262773722653
1 0.5164207946113447 0.47080291970802923 0.7075015124016937 0.08394160583941612
1 0.5164336290964033 0.5556569343065693 0.6868445339374109 0.08211678832116819
0 0.28790663734594474 0.6715328467153284 0.10586701462945054 0.08394160583941612
1 0.4802747492945805 0.6186131386861313 0.5422456846874296 0.018248175182481816
1 0.6029200584326645 0.6760948905109488 0.5086780946829699 0.0821167883211679
1 0.5138588407798304 0.7764598540145985 0.5835596416159956 0.07116788321167875
