1 0.5622083981337479 0.2958354933471574 0.38724727838258166 0.23777432175565916
1 0.4416796267496112 0.49904959391740106 0.13685847589424577 0.06912044237083123
1 0.5590979782270606 0.436841195783653 0.3841368584758942 0.05529635389666488
1 0.4214618973561431 0.5529539836955422 0.1026438569206843 0.033177812337998984
1 0.5241057542768274 0.6054950751684811 0.3141524105754276 0.06082598928633139
1 0.568429237947123 0.7755313634007257 0.39657853810264393 0.2626576810091585
1 0.8452566096423016 0.22671505097632624 0.10419906687402801 0.06635562467599794
1 0.8678071539657856 0.2903058579574909 0.16796267496111902 0.07188526006566441
1 0.8810264385692069 0.37186559113729495 0.19440124416796267 0.08570934853983062
1 0.8553654743390356 0.447900466562986 0.1399688958009331 0.03870744772766543
1 0.8258164852255055 0.5059616381544843 0.07776049766718515 0.038707447727665496
1 0.869362363919129 0.5543363925429589 0.17729393468118204 0.05806117159149828
1 0.8794712286158631 0.6345137168753464 0.1912908242612751 0.10229825470883008
1 0.8468118195956454 0.7105581475721445 0.11975116640746507 0.038707447727665566
1 0.8779160186625193 0.7921202695697253 0.18195956454121315 0.09123898392949713
0 0.2068429237947123 0.46172455503715226 0.3297045101088647 0.5806117159149818
1 0.21150855365474341 0.7727522127992319 0.1959564541213064 0.058061171591498206
