0 0.25083426028921024 0.4755901619082932 0.28142380422691887 0.5003089852923002
1 0.561179087875417 0.26300828080583366 0.3103448275862069 0.03164009393152885
1 0.5189098998887652 0.29860338647880363 0.23025583982202455 0.03559510567296993
1 0.46440489432703 0.34804103324681746 0.12791991101223574 0.04350512915585213
1 0.44438264738598443 0.3925349153380299 0.08120133481646277 0.03361759980224946
1 0.6234705228031145 0.49734272648621924 0.43937708565072314 0.16017797552836477
1 0.4265850945494995 0.624891855147695 0.05228031145717459 0.03164009393152881
1 0.5934371523915462 0.6120380669880113 0.2302558398220245 0.04548263502657278
1 0.5394883203559511 0.6624644666913855 0.1290322580645161 0.03164009393152895
1 0.4755283648498332 0.7692497837102954 0.139043381535039 0.03164009393152895
1 0.5244716351501668 0.8770238536645656 0.239154616240267 0.13249289333827705
1 0.7619577308120133 0.8196761834136695 0.20022246941045593 0.03757261154369047
1 0.24638487208008897 0.778148560128538 0.29699666295884314 0.0850327524409839
1 0.7441601779755282 0.12260536398467434 0.3070077864293658 0.05141515263873439
1 0.9087875417130143 0.22939068100358423 0.048943270300333526 0.027685082190087727
0 0.3709677419354838 0.12260536398467434 0.3770856507230256 0.05141515263873439
