0 0.248876404494382 0.45543071161048687 0.2842696629213483 0.4714107365792759
1 0.24719101123595508 0.7830212234706616 0.30112359550561796 0.0878901373283395
1 0.603370786516854 0.264669163545568 0.3910112359550562 0.029962546816479405
1 0.5095505617977528 0.29862671660424467 0.2123595505617977 0.02996254681647944
1 0.4921348314606741 0.35555555555555557 0.1730337078651685 0.06392009987515607
1 0.44438202247191017 0.417478152309613 0.07528089887640448 0.01598002496878905
1 0.6213483146067417 0.5153558052434457 0.4269662921348314 0.1558052434456929
1 0.5421348314606742 0.6591760299625469 0.25056179775280896 0.047940074906367015
1 0.5415730337078652 0.755056179775281 0.24494382022471917 0.09588014981273403
1 0.7387640449438202 0.11985018726591762 0.3089887640449438 0.051935081148564294
1 0.6112347052280311 0.895810159436411 0.4037819799777531 0.04746014089729314
0 0.3709677419354838 0.12062785811395377 0.3770856507230256 0.051415152638734404
