1 0.06629213483146067 0.12883895131086143 0.07191011235955055 0.021972534332084893
1 0.04494382022471909 0.1637952559300874 0.0247191011235955 0.023970037453183525
1 0.04887640449438201 0.1947565543071161 0.030337078651685386 0.02596754057428214
1 0.0550561797752809 0.23071161048689137 0.03146067415730337 0.021972534332084875
1 0.08146067415730338 0.26566791510611737 0.0955056179775281 0.01997503121098628
1 0.07584269662921347 0.2966292134831461 0.07303370786516852 0.021972534332084875
1 0.048314606741573035 0.3325842696629213 0.03820224719101123 0.017977528089887614
1 0.052247191011235955 0.36254681647940074 0.03707865168539326 0.021972534332084875
1 0.08314606741573033 0.3995006242197253 0.1101123595505618 0.023970037453183508
1 0.07528089887640449 0.43545568039950067 0.08988764044943819 0.019975031210986247
1 0.05898876404494382 0.4664169787765293 0.057303370786516844 0.017977528089887614
1 0.08595505617977528 0.49538077403245934 0.11123595505617978 0.023970037453183508
1 0.052247191011235955 0.5283395755305869 0.041573033707865165 0.017977528089887614
1 0.04719101123595506 0.5632958801498128 0.03370786516853932 0.019975031210986174
1 0.060674157303370786 0.599250936329588 0.060674157303370786 0.023970037453183508
1 0.06573033707865168 0.6322097378277154 0.07078651685393257 0.021972534332084875
1 0.060112359550561795 0.6631710362047439 0.06404494382022471 0.02397003745318344
1 0.24775280898876403 0.11086142322097377 0.06853932584269667 0.021972534332084893
1 0.24606741573033708 0.18776529338327091 0.05842696629213485 0.023970037453183508
1 0.248876404494382 0.267665418227216 0.0685393258426966 0.031960049937578
1 0.26179775280898876 0.4794007490636705 0.10337078651685395 0.023970037453183508
1 0.23764044943820223 0.5622971285892634 0.052808988764044926 0.021972534332084875
1 0.22808988764044943 0.6132334581772784 0.033707865168539325 0.01598002496878905
1 0.3207865168539326 0.7191011235955057 0.21011235955056182 0.03595505617977537
1 0.24831460674157305 0.8299625468164794 0.08539325842696631 0.017977528089887757
1 0.23146067415730337 0.9108614232209737 0.0404494382022472 0.019975031210986316
0 0.7825842696629214 0.2526841448189763 0.12022471910112359 0.31760299625468164
1 0.7792134831460674 0.45542622283942824 0.11348314606741568 0.07990012484394506
1 0.4685393258426967 0.1508114856429463 0.48089887640449447 0.04594257178526842
1 0.4735955056179776 0.22671660424469414 0.49101123595505625 0.04594257178526842
1 0.4758426966292134 0.3765293383270911 0.49550561797752807 0.16978776529338327
1 0.47528089887640446 0.5203495630461923 0.49438202247191015 0.045942571785268456
1 0.4410112359550562 0.5922596754057428 0.4168539325842697 0.02596754057428214
1 0.5325842696629214 0.6691635455680399 0.6134831460674157 0.07990012484394506
1 0.5337078651685394 0.7780274656679151 0.6112359550561799 0.07390761548064916
1 0.551685393258427 0.8799001248439451 0.6471910112359551 0.057927590511860104
