0 0.20619335347432027 0.461631419939577 0.24320241691842903 0.47371601208459213
0 0.8632930513595167 0.4277945619335348 0.07703927492447135 0.19335347432024172
0 0.02673150711055274 0.15307305124358625 0.025324585683681546 0.04802291803720351
0 0.024386638065767414 0.31064825105316024 0.020634847594110894 0.045021485659878346
0 0.02391766425681035 0.3759294052599838 0.01782100474036849 0.04051933709389047
0 0.02626253330159568 0.4397098432781448 0.022510742829939156 0.054025782791853987
0 0.026262533301595673 0.5087427879566248 0.018758952358282625 0.045021485659878235
0 0.025324585683681546 0.5710225097861232 0.030014323773252208 0.05552649898051655
0 0.3962828685687205 0.15232269314925492 0.02157279521202511 0.04051933709389049
0 0.42864206138675803 0.1515723350549236 0.020634847594110824 0.04202005328255309
1 0.4553735684973108 0.20334704356378366 0.15100956648417516 0.01950931045261395
1 0.45209075183461134 0.2378635159030237 0.12756087603632182 0.03151503996191479
1 0.5979416064202587 0.23336136733703586 0.1303747188900641 0.02551217520726439
1 0.39534492095080637 0.2768821368082515 0.03470406186282283 0.022510742829939156
1 0.5107124779542445 0.2783828529969142 0.0347040618628229 0.034516472339240066
1 0.4112900304553466 0.31064825105316024 0.06471838563607499 0.02401145901860172
1 0.5318162993573124 0.309897892958829 0.08253939037644357 0.022510742829939156
1 0.41832463758970256 0.34966687195838814 0.07878759990478698 0.04202005328255304
1 0.5468234612439385 0.3384115005434186 0.1163055046213524 0.019509310452613848
1 0.42395232329718735 0.38568406048629084 0.08441528561227173 0.024011459018601827
1 0.5233747707960853 0.38793513476928476 0.06565633325398927 0.02551217520726439
1 0.43004898281362924 0.4202005328255309 0.09660860464515551 0.02101002664127648
1 0.49992608034823205 0.4141976680708804 0.01500716188662608 0.018008594263951353
1 0.4216074542524021 0.4667227346740718 0.08535323323018595 0.027012891395926955
1 0.5848103397694608 0.507242071767962 0.39112415667019235 0.042020053282553024
1 0.5871552088142463 0.5650196450314727 0.3883103138164505 0.06152936373516702
1 0.8582220703914303 0.20559811784677756 0.07691170466895883 0.027012891395926993
1 0.9023056084333941 0.23411172543136718 0.06753222848981735 0.024011459018601754
1 0.9023056084333944 0.2633756911102881 0.0656563332539892 0.01950931045261395
1 0.9412304345768309 0.36467403384501423 0.07222196657938838 0.03001432377325216
1 0.9454511988574446 0.4277041137688439 0.07878759990478698 0.07203437705580526
1 0.9407614607678737 0.48998383559834224 0.06753222848981749 0.03151503996191487
1 0.5913759730948598 0.6353259661549859 0.40237952808516225 0.07803724181045567
1 0.5946587897575594 0.707360343210791 0.40144158046724826 0.06603151230115473
1 0.5932518683306881 0.7786443621722651 0.4042554233209907 0.05852793135784196
1 0.4501510574018127 0.8277945619335348 0.12084592145015101 0.03141993957703931
1 0.48640483383685806 0.8700906344410876 0.1842900302114804 0.03383685800604226
1 0.20845921450151056 0.8036253776435046 0.13595166163141992 0.036253776435045355
