1 0.0696629213483146 0.2736579275905119 0.08764044943820223 0.027965043695380772
1 0.04719101123595506 0.30262172284644195 0.03370786516853932 0.021972534332084914
1 0.050561797752808994 0.3335830212234707 0.040449438202247195 0.019975031210986247
1 0.08707865168539325 0.37053682896379525 0.09775280898876403 0.02996254681647933
1 0.08089887640449439 0.4024968789013733 0.08988764044943821 0.029962546816479405
1 0.06573033707865168 0.43745318352059925 0.07078651685393257 0.02796504369538084
1 0.06741573033707864 0.468414481897628 0.06741573033707864 0.02596754057428221
1 0.07247191011235955 0.500374531835206 0.07078651685393257 0.029962546816479405
1 0.06179775280898877 0.535330836454432 0.05617977528089888 0.019975031210986174
1 0.052808988764044947 0.570287141073658 0.03370786516853932 0.017977528089887614
1 0.06123595505617978 0.599250936329588 0.059550561797752796 0.019975031210986316
1 0.08651685393258425 0.6362047440699127 0.11235955056179775 0.021972534332084948
1 0.09044943820224718 0.6731585518102372 0.11797752808988764 0.0319600499375781
1 0.058426966292134834 0.7031210986267166 0.05168539325842698 0.01198501872659179
1 0.06179775280898876 0.7380774032459426 0.06292134831460673 0.021972534332084875
1 0.058988764044943826 0.77103620474407 0.05955056179775281 0.019975031210986174
1 0.06292134831460673 0.8059925093632958 0.06516853932584268 0.03395755305867667
1 0.29775280898876405 0.22372034956304618 0.1730337078651685 0.051935081148564315
1 0.7106741573033708 0.26866416978776525 0.03258426966292134 0.029962546816479405
1 0.7426966292134831 0.26866416978776525 0.024719101123595523 0.029962546816479405
1 0.7803370786516853 0.2726591760299626 0.04382022471910119 0.02596754057428214
1 0.8235955056179776 0.2696629213483146 0.022471910112359553 0.027965043695380772
1 0.2949438202247191 0.31161048689138576 0.16292134831460675 0.023970037453183508
1 0.2303370786516854 0.26866416978776525 0.03146067415730336 0.021972534332084914
1 0.26516853932584267 0.2696629213483146 0.031460674157303394 0.019975031210986247
1 0.4404494382022472 0.4034956304619226 0.44269662921348313 0.1358302122347066
1 0.42752808988764046 0.5313358302122347 0.4258426966292134 0.10387016229712856
1 0.4393258426966293 0.6182272159800248 0.44943820224719105 0.045942571785268387
1 0.2410112359550562 0.6781523096129837 0.052808988764044926 0.04194756554307119
1 0.43258426966292135 0.7730337078651686 0.4359550561797752 0.12784019975031213
1 0.4359550561797753 0.8968789013732834 0.451685393258427 0.10387016229712856
0 0.7578651685393258 0.5772784019975031 0.16292134831460686 0.40349563046192266
