1 0.31320861678004536 0.1326530612244898 0.3486394557823129 0.03854875283446711
1 0.18990929705215417 0.21768707482993196 0.20975056689342403 0.03174603174603177
1 0.43650793650793646 0.30385487528344673 0.7171201814058956 0.04081632653061227
1 0.2671485260770975 0.35034013605442177 0.2565192743764172 0.03401360544217695
1 0.39399092970521543 0.39229024943310664 0.5158730158730159 0.03628117913832192
1 0.4896541950113379 0.435374149659864 0.6986961451247166 0.03628117913832206
1 0.5172902494331066 0.4931972789115646 0.7568027210884354 0.07482993197278909
1 0.3217120181405896 0.5578231292517006 0.3599773242630386 0.0408163265306122
1 0.16369047619047616 0.6281179138321995 0.16865079365079363 0.04081632653061227
1 0.3918650793650793 0.701814058956916 0.5994897959183673 0.04308390022675738
