1 0.3720238095238095 0.24489795918367346 0.5513038548752834 0.15419501133786845
1 0.24589002267573698 0.34240362811791386 0.30753968253968256 0.027210884353741492
1 0.14243197278911565 0.5068027210884354 0.10629251700680273 0.07482993197278916
1 0.14951814058956917 0.5997732426303855 0.10912698412698411 0.08390022675736972
1 0.14810090702947845 0.6950113378684807 0.12046485260770975 0.08390022675736958
1 0.1445578231292517 0.7868480725623583 0.10204081632653063 0.0816326530612244
1 0.14243197278911562 0.880952380952381 0.10345804988662129 0.07482993197278916
1 0.44784580498866206 0.8877551020408163 0.4648526077097505 0.0884353741496598
0 0.4478458049886621 0.6213151927437641 0.45068027210884354 0.3900226757369614
0 0.7270408163265307 0.5748299319727891 0.05668934240362816 0.05668934240362816
0 0.7284580498866212 0.6904761904761904 0.06519274376417229 0.07029478458049894
0 0.7277494331065759 0.808390022675737 0.06660997732426295 0.06575963718820858
0 0.7263321995464852 0.9138321995464852 0.05243764172335602 0.0408163265306122
1 0.8319160997732427 0.5736961451247166 0.12755102040816324 0.08163265306122454
1 0.8290816326530613 0.6802721088435374 0.11621315192743766 0.04988662131519277
1 0.8283730158730159 0.7857142857142857 0.11479591836734684 0.03401360544217681
1 0.8255385487528345 0.9002267573696144 0.10912698412698404 0.02721088435374142
0 0.9530895691609976 0.4501133786848072 0.08361678004535136 0.6598639455782314
0 0.045351473922902494 0.4501133786848072 0.08503401360544217 0.6598639455782314
1 0.14951814058956917 0.43197278911564624 0.06660997732426303 0.02947845804988667
1 0.14384920634920634 0.1360544217687075 0.04109977324263039 0.02721088435374151
1 0.19982993197278912 0.1383219954648526 0.056689342403628086 0.03174603174603174
1 0.26218820861678005 0.13718820861678005 0.05668934240362813 0.029478458049886632
1 0.3323412698412699 0.14285714285714285 0.0751133786848073 0.03174603174603174
1 0.39682539682539686 0.1360544217687075 0.051020408163265356 0.03174603174603176
