1 0.06284454244762955 0.13904922498216485 0.06835722160970231 0.029055061936571765
1 0.04575523704520396 0.17433037161943055 0.0474090407938258 0.03320578507036771
1 0.05237045203969129 0.2085738374732473 0.034178610804851156 0.026979700369673766
1 0.06284454244762955 0.244892664893962 0.05733186328555678 0.029055061936571713
1 0.09151047409040794 0.2812114923146767 0.10584343991179714 0.022828977235877766
1 0.1019845644983462 0.3154549581684934 0.13781697905181917 0.03320578507036767
1 0.06063947078280044 0.34865934335227744 0.048511576626240345 0.029055061936571747
1 0.05237045203969129 0.3829042090926778 0.03638368246968026 0.022828977235877873
1 0.05567805953693496 0.41507231337959666 0.03417861080485116 0.029055061936571817
1 0.06008820286659316 0.45554186393410734 0.05843439911797132 0.04358259290485769
1 0.07552370452039692 0.49393605292172 0.08710033076074973 0.02490433880277578
1 0.051267916207276734 0.5250664764251897 0.034178610804851156 0.02490433880277578
1 0.07056229327453142 0.5582722614955574 0.08158765159867695 0.029055061936571747
0 0.7690187431091511 0.33205785070367727 0.14884233737596475 0.32375640443608533
1 0.1047409040793826 0.5935534081328231 0.15214994487320838 0.029055061936571817
1 0.0755237045203969 0.6329852779038848 0.0848952590959206 0.04150723133795957
1 0.09536934950385888 0.6703417861080484 0.133406835722161 0.029055061936571605
1 0.05733186328555677 0.7056229327453143 0.052921719955898554 0.02490433880277578
1 0.05016538037486219 0.734677994681886 0.04299889746416759 0.029055061936571747
1 0.0523704520396913 0.7678837797522537 0.04079382579933848 0.03320578507036771
1 0.060639470782800436 0.8083533303067644 0.05733186328555677 0.03113042350346973
1 0.06119073869900772 0.84363447694403 0.07166482910694598 0.04358259290485762
1 0.2436604189636163 0.17433037161943055 0.050716648291069436 0.02490433880277582
1 0.40352811466372657 0.20649847590634932 0.3461962513781699 0.0228289772358778
1 0.2546857772877618 0.23244049549257412 0.07938257993384784 0.02490433880277578
1 0.44652701212789414 0.27706076918088074 0.4366041896361632 0.05603476230624551
1 0.2436604189636163 0.32064336208573835 0.059536934950385895 0.022828977235877766
1 0.25248070562293273 0.13697386341526688 0.0727673649393605 0.03320578507036773
1 0.45093715545755236 0.36837667812439195 0.44542447629547965 0.05188403917244962
1 0.23594266813671447 0.40573318632855565 0.03748621830209484 0.026979700369673766
1 0.44101433296582143 0.43893897139892346 0.4211686879823595 0.022828977235877873
1 0.2458654906284454 0.46488099098514823 0.0639470782800441 0.024904338802775854
1 0.2750826901874311 0.49393605292172 0.08930540242557886 0.02490433880277578
1 0.23649393605292168 0.5229911148582918 0.04520396912899667 0.029055061936571817
1 0.3291069459757442 0.5530838575783125 0.19955898566703417 0.018678254102081838
1 0.2458654906284454 0.5842142810817822 0.061742006615215 0.0228289772358778
1 0.5369349503858875 0.6381736818211298 0.6108048511576627 0.08508982424281726
1 0.262954796030871 0.6921330825604773 0.11356119073869902 0.03113042350346973
1 0.5385887541345094 0.7388287178156819 0.62954796030871 0.058110123873143495
1 0.24531422271223818 0.7803359491536416 0.07166482910694601 0.02490433880277578
1 0.5226019845644982 0.8114663726571113 0.5909592061742006 0.02490433880277578
1 0.24145534729878718 0.8394837538102341 0.052921719955898575 0.026979700369673766
1 0.30099228224917307 0.8706141773137039 0.1543550165380375 0.022828977235877658
1 0.24696802646086 0.8996692392502758 0.07056229327453142 0.018678254102081696
1 0.541896361631753 0.9432518321551333 0.6251378169790517 0.05188403917244955
1 0.2442116868798236 0.9847590634930928 0.05402425578831313 0.026979700369673766
