0 0.2556179775280899 0.47440699126092384 0.2595505617977528 0.5053682896379526
1 0.24662921348314604 0.7860174781523096 0.302247191011236 0.08189762796504355
1 0.6595505617977528 0.27166042446941324 0.5123595505617977 0.059925093632958844
1 0.5129213483146067 0.3515605493133583 0.2191011235955056 0.03995006242197256
1 0.4915730337078652 0.40449438202247195 0.16966292134831457 0.04194756554307119
1 0.44438202247191017 0.4484394506866417 0.07977528089887649 0.021972534332084875
1 0.6235955056179776 0.5553058676654181 0.4314606741573034 0.15980024968789017
1 0.5393258426966292 0.6911360799001248 0.25168539325842704 0.05193508114856428
1 0.5432584269662921 0.7770287141073657 0.24157303370786523 0.08389513108614238
1 0.7410112359550561 0.11385767790262172 0.3044943820224719 0.047940074906367036
1 0.6373748609566185 0.9017426770485725 0.4582869855394884 0.05141515263873444
0 0.36985539488320357 0.11865035224323321 0.3859844271412681 0.059325176121616606
