1 0.7458286985539487 0.12260536398467434 0.31034482758620685 0.05141515263873439
1 0.6195773081201336 0.26103077493511306 0.44048943270300334 0.035595105672969966
1 0.5133481646273637 0.29662588060808304 0.21913236929922142 0.02768508219008776
1 0.46273637374860954 0.3529847979236188 0.12013348164627359 0.06525769373377827
1 0.5005561735261401 0.4024224446916327 0.19799777530589538 0.021752564577926067
1 0.44438264738598443 0.43801755036460266 0.0767519466073415 0.03757261154369054
1 0.6234705228031145 0.5457916203188727 0.4304783092324806 0.1661104931405265
1 0.2424916573971079 0.7860585836114201 0.3114571746384872 0.10085279940674838
1 0.42825361512791993 0.6654307254974663 0.04004449388209125 0.03757261154369047
1 0.43103448275862066 0.8048448893832654 0.0545050055617353 0.039550117414410974
1 0.5923248053392658 0.6664194784328267 0.24137931034482754 0.047460140897293286
1 0.5328142380422691 0.7059695958472376 0.12458286985539488 0.027685082190087654
1 0.5266963292547274 0.8720800889877642 0.11457174638487203 0.146335434433321
1 0.7597330367074526 0.8117661599307874 0.20022246941045607 0.053392658509454946
0 0.2502780867630701 0.4488938326535657 0.2803114571746385 0.4666913854900506
