0 0.2597200622083981 0.5308449974079834 0.3639191290824261 0.48660791429065137
1 0.2659409020217729 0.897157064977844 0.18351477449455675 0.06359080698116472
1 0.6446345256609644 0.2681873163988249 0.27838258164852264 0.0829445308449974
1 0.6057542768273717 0.31933644375324 0.21617418351477455 0.019353723863832748
1 0.5738724727838258 0.39813374805598756 0.15552099533437017 0.01105927077933302
1 0.5894245723172629 0.5446690858821497 0.17107309486780722 0.11612234318299634
1 0.6430793157076206 0.7478831864523933 0.27216174183514774 0.21842059789182655
1 0.8460342146189735 0.22533264212890963 0.10575427682737171 0.06359080698116472
1 0.8779160186625193 0.2958354933471574 0.17884914463452575 0.0663556246759979
1 0.8833592534992224 0.37186797995507176 0.21150855365474341 0.08570934853983068
1 0.8631415241057542 0.447900466562986 0.15241057542768274 0.04423708311733193
1 0.8654743390357698 0.5267025485012868 0.1726283048211509 0.10230780997993692
1 0.8491446345256609 0.6027302574736478 0.10575427682737171 0.033177812337998915
1 0.8833592534992224 0.6870571971660618 0.18662519440124428 0.09123898392949713
1 0.8631415241057542 0.7686193191636427 0.1399688958009331 0.04423708311733208
1 0.8576982892690513 0.85571107655089 0.11975116640746507 0.11335752548816316
1 0.8864696734059099 0.9524701405989464 0.10886469673405913 0.03594263003283217
