1 0.4735614307931569 0.2847666672967173 0.499222395023328 0.11610323264078228
1 0.33125972006220844 0.387069699641101 0.18351477449455675 0.07188526006566441
1 0.33281493001555207 0.4423708311733195 0.1928460342146189 0.022118541558665966
1 0.29860031104199064 0.5156385000864006 0.11819595645412133 0.08017971315016417
1 0.32892690513219286 0.6442025228961465 0.15707620528771382 0.049766718506998375
1 0.4867807153965785 0.705028512182478 0.47278382581648515 0.060825989286331324
1 0.4844479004665631 0.7962674961119751 0.4836702954898912 0.07741489545533085
1 0.869362363919129 0.31104199066874033 0.1959564541213065 0.1354760670468291
1 0.8623639191290823 0.4174874719198203 0.20062208398133763 0.06082598928633146
1 0.8608087091757389 0.4962883594492329 0.16951788491446348 0.08572607026426833
1 0.8615863141524106 0.653879384828063 0.18662519440124414 0.10229825470883014
1 0.8219284603421463 0.735439118007867 0.10419906687402801 0.03870744772766543
1 0.874805598755832 0.8073267668913081 0.213063763608087 0.09400380162433038
1 0.8398133748055987 0.9013305685156385 0.13685847589424582 0.06635562467599783
0 0.11353032659409018 0.4949023673751512 0.20217729393468115 0.40366338344565406
0 0.10575427682737168 0.8418869880767237 0.20217729393468115 0.1354760670468292
