1 0.07078651685393259 0.12983770287141072 0.08988764044943821 0.03595505617977526
1 0.05617977528089888 0.1947565543071161 0.05393258426966292 0.03395755305867663
1 0.07584269662921347 0.2916354556803995 0.09101123595505617 0.03595505617977523
1 0.05168539325842698 0.3605493133583021 0.0404494382022472 0.029962546816479405
1 0.06404494382022471 0.46441947565543074 0.07640449438202247 0.025967540574282067
1 0.0544943820224719 0.3945068664169788 0.048314606741573035 0.02596754057428214
1 0.45393258426966293 0.1188514357053683 0.4719101123595506 0.05792759051186016
1 0.4556179775280899 0.2157303370786517 0.4820224719101124 0.13583021223470662
1 0.447752808988764 0.3136079900124844 0.47303370786516846 0.07191011235955055
1 0.2612359550561798 0.36853932584269655 0.1 0.021972534332084948
1 0.47415730337078654 0.4434456928838951 0.5146067415730338 0.11186017478152309
1 0.25617977528089886 0.5273408239700375 0.08988764044943817 0.03595505617977523
1 0.4786516853932584 0.5782771535580524 0.5280898876404494 0.045942571785268387
1 0.2393258426966292 0.6292134831460674 0.04943820224719097 0.02397003745318344
1 0.5106741573033708 0.744060935067121 0.5988764044943821 0.10986267166042453
1 0.5061797752808989 0.8579275905118601 0.5898876404494381 0.09388264669163547
0 0.8859550561797752 0.8269662921348313 0.14269662921348314 0.22372034956304632
0 0.8522471910112359 0.5493133583021224 0.2101123595505618 0.22771535580524335
0 0.8331460674157303 0.23370786516853934 0.2573033707865167 0.26766541822721596
