1 0.45705782312925175 0.1950113378684807 0.48044217687074836 0.14965986394557823
1 0.45634920634920634 0.30045351473922904 0.4818594104308391 0.056689342403628086
1 0.4613095238095238 0.37074829931972786 0.21683673469387757 0.0385487528344671
1 0.4591836734693878 0.40476190476190477 0.10770975056689344 0.029478458049886597
1 0.35572562358276644 0.473922902494331 0.056689342403628086 0.054421768707482915
1 0.5860260770975056 0.4659863945578231 0.08928571428571416 0.07482993197278916
0 0.520124716553288 0.4648526077097506 0.03684807256235828 0.054421768707482915
0 0.4017857142857143 0.46712018140589573 0.03826530612244902 0.058956916099773195
1 0.4655612244897959 0.5385487528344671 0.22534013605442177 0.029478458049886528
1 0.35005668934240364 0.5895691609977325 0.056689342403628086 0.03174603174603177
1 0.5789399092970521 0.5884353741496599 0.04676870748299315 0.020408163265306173
1 0.2685657596371882 0.6326530612244897 0.07511337868480726 0.03628117913832192
1 0.42658730158730157 0.6326530612244897 0.04251700680272109 0.02267573696145121
1 0.28628117913832196 0.673469387755102 0.09637188208616781 0.02267573696145121
1 0.42587868480725616 0.6768707482993196 0.04393424036281182 0.03401360544217695
1 0.5172902494331066 0.6326530612244897 0.07653061224489796 0.027210884353741492
1 0.663265306122449 0.6292517006802721 0.045351473922902556 0.029478458049886528
1 0.5158730158730159 0.675736961451247 0.07369614512471656 0.03174603174603177
1 0.6597222222222223 0.675736961451247 0.0552721088435375 0.03174603174603177
1 0.46839569160997735 0.7335600907029479 0.08645124716553297 0.03854875283446717
1 0.27706916099773243 0.7891156462585035 0.08078231292517003 0.03174603174603163
1 0.6894841269841271 0.7857142857142858 0.038265306122448946 0.03854875283446702
1 0.12046485260770975 0.2324263038548753 0.07369614512471656 0.02494331065759635
1 0.07511337868480726 0.15986394557823128 0.05102040816326531 0.03401360544217688
1 0.13392857142857142 0.15986394557823128 0.02692743764172336 0.03401360544217688
1 0.08432539682539682 0.0997732426303855 0.06944444444444443 0.02721088435374151
1 0.10629251700680271 0.2743764172335601 0.03968253968253968 0.018140589569160995
1 0.09920634920634921 0.32539682539682535 0.03117913832199548 0.04308390022675734
1 0.1197562358276644 0.37528344671201813 0.05810657596371883 0.024943310657596383
1 0.10345804988662131 0.4217687074829932 0.04535147392290249 0.03174603174603177
1 0.10841836734693878 0.47278911564625853 0.03826530612244898 0.03854875283446702
1 0.11763038548752835 0.5238095238095238 0.05385487528344671 0.027210884353741492
1 0.11975623582766438 0.5748299319727891 0.06944444444444445 0.029478458049886597
1 0.12896825396825395 0.626984126984127 0.08219954648526077 0.024943310657596383
1 0.10841836734693878 0.6780045351473922 0.03826530612244898 0.03174603174603177
1 0.10983560090702948 0.7267573696145125 0.0467687074829932 0.024943310657596383
1 0.1225907029478458 0.7743764172335601 0.06660997732426303 0.03401360544217681
1 0.11833900226757368 0.8333333333333333 0.06944444444444445 0.03401360544217681
1 0.11621315192743763 0.8956916099773242 0.04818594104308389 0.03628117913832199
0 0.8170351473922902 0.40816326530612246 0.13747165532879818 0.12244897959183675
0 0.921201814058957 0.40589569160997735 0.03968253968253961 0.10430839002267575
0 0.8156179138321994 0.8718820861678003 0.13180272108843538 0.10657596371882093
0 0.9162414965986394 0.8616780045351473 0.04676870748299322 0.11791383219954653
1 0.7808956916099773 0.7766439909297053 0.07086167800453523 0.03401360544217681
1 0.8078231292517006 0.5272108843537414 0.13038548752834472 0.08843537414965986
1 0.9176587301587301 0.5317460317460317 0.04393424036281175 0.09750566893424044
0 0.834750566893424 0.16893424036281182 0.20408163265306115 0.16553287981859413
1 0.4478458049886621 0.8843537414965986 0.26360544217687076 0.03628117913832199
1 0.6590136054421768 0.8820861678004536 0.07653061224489804 0.02721088435374142
1 0.2565192743764172 0.9195011337868481 0.05952380952380949 0.03401360544217681
0 0.4606009070294785 0.8866213151927438 0.5045351473922903 0.08616780045351476
