0 0.250561797752809 0.4204744069912609 0.2786516853932584 0.3975031210986266
1 0.24775280898876403 0.7840199750312109 0.29775280898876405 0.08988764044943821
0 0.6612359550561798 0.28064918851435705 0.5202247191011237 0.05792759051186014
1 0.5174157303370787 0.32958801498127344 0.2280898876404494 0.023970037453183508
1 0.4926966292134831 0.38651685393258434 0.17640449438202246 0.06192259675405744
1 0.6247191011235955 0.5313358302122347 0.4426966292134831 0.20774032459425718
1 0.5387640449438202 0.6911360799001248 0.2573033707865169 0.04794007490636688
1 0.5398876404494382 0.7850187265917603 0.24157303370786515 0.09188514357053691
1 0.7370786516853933 0.11685393258426967 0.31460674157303375 0.04594257178526842
1 0.657397107897664 0.9274502533679396 0.4805339265850945 0.03955011741441112
0 0.37041156840934375 0.12062785811395377 0.3781979977753059 0.05537016438017549
