0 0.20839813374805602 0.4575773284949024 0.24572317262830484 0.5557283566614826
1 0.5629860031104199 0.22809745982374288 0.3670295489891135 0.09123898392949713
1 0.4790046656298598 0.30135796228349354 0.2177293934681181 0.055305909167772074
1 0.4603421461897356 0.3580438914809055 0.18040435458786938 0.0525315362018317
1 0.43856920684292383 0.4727838258164852 0.1430793157076205 0.06082598928633146
1 0.43390357698289267 0.533595482196156 0.14618973561430798 0.07188526006566441
1 0.5124416796267497 0.7036461033350614 0.2690513219284603 0.2515984102298256
1 0.8576982892690513 0.22256782443407638 0.1601866251944014 0.06359080698116465
1 0.8678071539657853 0.2833770919959704 0.18040435458786944 0.06912044237083123
1 0.8584758942457232 0.3469846207015725 0.14307931570762064 0.04700190081216519
1 0.8779160186625193 0.503196820459651 0.1757387247278382 0.17694833246932773
1 0.843701399688958 0.6027207022025408 0.11041990668740283 0.022118541558665966
1 0.8802488335925349 0.6856747883186451 0.18040435458786944 0.12165197857266286
1 0.8740279937791601 0.7852082253326421 0.18040435458786916 0.08847416623466402
1 0.8771384136858477 0.9040953862104718 0.18662519440124414 0.14930015552099518
