1 0.26741573033707866 0.11785268414481898 0.10561797752808985 0.043945068664169785
1 0.2932584269662921 0.2017478152309613 0.16853932584269665 0.027965043695380772
1 0.47865168539325836 0.299625468164794 0.5191011235955055 0.1358302122347066
1 0.4837078651685393 0.4304619225967541 0.5314606741573035 0.10586766541822719
1 0.2550561797752809 0.5263420724094882 0.08089887640449436 0.053932584269662985
1 0.47247191011235956 0.5752808988764044 0.5247191011235955 0.05193508114856428
1 0.47415730337078654 0.6851435705368288 0.5191011235955056 0.1598002496878901
1 0.2443820224719101 0.8039950062421972 0.06629213483146067 0.04194756554307105
1 0.302247191011236 0.8429463171036204 0.15280898876404492 0.03595505617977523
1 0.2612359550561798 0.8888888888888888 0.0932584269662921 0.02397003745318358
1 0.45056179775280897 0.9258426966292135 0.47191011235955044 0.02596754057428214
0 0.8516853932584268 0.42247191011235957 0.1730337078651685 0.22172284644194762
0 0.849438202247191 0.5792759051186017 0.1730337078651685 0.0958801498127341
0 0.8511235955056179 0.6771490692813757 0.1696629213483146 0.11186017478152302
0 0.85 0.7910112359550561 0.16741573033707866 0.10387016229712856
1 0.849438202247191 0.8878901373283395 0.19101123595505612 0.07790262172284641
1 0.1 0.283645443196005 0.1393258426966292 0.19575530586766543
1 0.07022471910112359 0.4664169787765293 0.07752808988764043 0.15780274656679147
1 0.07752808988764044 0.6182272159800251 0.09438202247191012 0.12983770287141064
1 0.06685393258426967 0.717103620474407 0.07078651685393257 0.05992509363295881
