0 0.43934240362811794 0.6122448979591837 0.39682539682539686 0.4988662131519275
1 0.45280612244897933 0.27437641723355993 0.45776643990929705 0.17687074829931956
0 0.14951814058956917 0.2834467120181406 0.11763038548752833 0.10884353741496597
0 0.15093537414965985 0.47845804988662133 0.11196145124716551 0.10884353741496597
0 0.15235260770975056 0.6814058956916099 0.11196145124716551 0.106575963718821
0 0.15093537414965985 0.873015873015873 0.11479591836734693 0.09977324263038553
0 0.753968253968254 0.31405895691609975 0.08786848072562364 0.07936507936507936
0 0.8503401360544218 0.31179138321995464 0.07369614512471656 0.06575963718820865
0 0.7511337868480726 0.481859410430839 0.08503401360544217 0.07482993197278909
0 0.8496315192743765 0.481859410430839 0.08078231292517003 0.06575963718820858
0 0.7532596371882088 0.6462585034013606 0.08078231292517003 0.07709750566893411
0 0.8475056689342404 0.6496598639455782 0.07936507936507951 0.06575963718820865
0 0.7518424036281179 0.8163265306122449 0.08645124716553283 0.06802721088435362
0 0.8460884353741497 0.8163265306122449 0.0878684807256235 0.0770975056689342
1 0.45068027210884354 0.9002267573696144 0.41383219954648526 0.054421768707482984
1 0.7511337868480726 0.891156462585034 0.09637188208616791 0.06349206349206354
1 0.8510487528344671 0.8877551020408163 0.09212018140589563 0.052154195011337806
1 0.7511337868480726 0.7301587301587301 0.09070294784580497 0.07709750566893434
1 0.8453798185941043 0.7199546485260772 0.08361678004535164 0.043083900226757524
1 0.7490079365079364 0.5566893424036281 0.08645124716553283 0.07029478458049887
1 0.8467970521541949 0.564625850340136 0.08645124716553297 0.07256235827664398
1 0.7525510204081632 0.399092970521542 0.08503401360544217 0.06349206349206347
1 0.8354591836734693 0.39455782312925164 0.06944444444444443 0.07709750566893427
1 0.7511337868480726 0.2290249433106576 0.09353741496598644 0.06802721088435373
1 0.8439625850340136 0.22448979591836735 0.07511337868480723 0.06802721088435376
