1 0.5614307931570762 0.22671505097632624 0.3701399688958009 0.1216519785726629
1 0.5427682737169518 0.33316053222740627 0.3390357698289268 0.06359080698116472
1 0.44012441679626746 0.41471309895388 0.13063763608087092 0.022118541558665897
1 0.46345256609642305 0.5474339035769828 0.17729393468118196 0.11059270779332983
1 0.4214618973561431 0.6732331086918956 0.09642301710730948 0.04147226542249868
1 0.4968895800933126 0.778296181095559 0.2628304821150856 0.14653533782616207
1 0.8639191290824261 0.20459650941766028 0.1384136858475894 0.06635562467599794
1 0.8701399688958008 0.2750850277292474 0.16018662519440127 0.0525315362018317
1 0.8149300155520995 0.32347889265993635 0.04354587869362362 0.01658890616899953
1 0.8802488335925349 0.3912217038189044 0.16796267496111966 0.08017971315016417
1 0.8600311041990668 0.46172455503715226 0.13374805598755826 0.011059270779332948
1 0.8654743390357699 0.5584812302674321 0.1477449455676515 0.11612234318299627
1 0.8405909797822706 0.6524969759806463 0.1010886469673406 0.02211854155866604
1 0.8833592534992224 0.7326671338597032 0.19284603421461896 0.08847416623466386
0 0.2068429237947123 0.4492828754104026 0.16485225505443238 0.5114912735441507
