0 0.26292134831460673 0.47840199750312107 0.24269662921348314 0.4853932584269663
0 0.5837078651685393 0.5233458177278402 0.2280898876404494 0.1238451935081148
1 0.2269662921348314 0.7890137328339576 0.3393258426966292 0.08389513108614238
1 0.48764044943820223 0.28564294631710363 0.16179775280898873 0.05593008739076158
1 0.48089887640449436 0.3515605493133583 0.15056179775280903 0.07191011235955055
1 0.5157303370786517 0.4084893882646692 0.22471910112359553 0.03795255930087386
1 0.4219101123595506 0.49138576779026216 0.034831460674157384 0.019975031210986174
1 0.41797752808988764 0.615230961298377 0.024719101123595592 0.027965043695380772
1 0.5971910112359551 0.6252184769038701 0.25730337078651694 0.055930087390761545
1 0.5 0.6701622971285892 0.19325842696629209 0.02596754057428214
1 0.4455056179775281 0.7181023720349563 0.08651685393258425 0.025967540574281998
1 0.5955056179775281 0.7580524344569288 0.3797752808988764 0.021972534332084875
1 0.44606741573033715 0.797003745318352 0.07640449438202246 0.0279650436953807
1 0.6202247191011235 0.8779026217228466 0.42921348314606744 0.1298377028714107
1 0.7443820224719101 0.12484394506866417 0.30000000000000004 0.03795255930087393
