1 0.21661490683229812 0.21325051759834365 0.11413043478260869 0.17391304347826086
1 0.29464285714285715 0.2505175983436853 0.03726708074534162 0.028985507246376833
1 0.22418478260869562 0.484472049689441 0.12694099378881987 0.13250517598343692
1 0.20788043478260868 0.8530020703933746 0.10597826086956522 0.1490683229813665
1 0.25271739130434784 0.3498964803312629 0.19099378881987575 0.08281573498964803
1 0.25504658385093165 0.6242236024844721 0.19565217391304343 0.10144927536231876
1 0.4734083850931677 0.644927536231884 0.19215838509316768 0.07246376811594203
1 0.4268245341614906 0.8488612836438924 0.11063664596273291 0.14078674948240164
1 0.4734083850931677 0.5445134575569358 0.19448757763975152 0.0910973084886129
1 0.47399068322981364 0.42546583850931674 0.19565217391304343 0.07660455486542446
1 0.47515527950310554 0.3188405797101449 0.19099378881987575 0.08695652173913043
1 0.43672360248447206 0.18219461697722564 0.1211180124223602 0.11180124223602482
1 0.46118012422360244 0.2515527950310559 0.17468944099378889 0.026915113871635653
1 0.670225155279503 0.23913043478260868 0.14790372670807464 0.10973084886128362
1 0.671389751552795 0.38716356107660455 0.14557453416149074 0.12422360248447205
1 0.6871118012422359 0.5144927536231885 0.19565217391304343 0.08488612836438925
1 0.6649844720496894 0.644927536231884 0.1583850931677019 0.10144927536231883
1 0.6882763975155278 0.7505175983436853 0.18866459627329185 0.026915113871635584
1 0.6521739130434782 0.8509316770186337 0.11878881987577636 0.12422360248447191
0 0.3202639751552795 0.1728778467908903 0.06521739130434781 0.09316770186335406
0 0.3255046583850932 0.46997929606625255 0.0733695652173913 0.09937888198757762
0 0.3092003105590062 0.8498964803312629 0.08967391304347822 0.10973084886128376
0 0.5403726708074533 0.17701863354037267 0.07686335403726702 0.09730848861283642
0 0.531055900621118 0.8561076604554865 0.09083850931677027 0.11387163561076605
0 0.7616459627329192 0.8530020703933746 0.08618012422360238 0.10766045548654248
0 0.7785326086956522 0.6356107660455487 0.06405279503105575 0.0910973084886129
0 0.7756211180124223 0.36542443064182195 0.05124223602484477 0.0683229813664596
0 0.7773680124223603 0.22463768115942032 0.061723602484472055 0.08074534161490686
