1 0.6028089887640449 0.2606741573033708 0.40112359550561794 0.03395755305867667
1 0.5112359550561798 0.29363295880149815 0.2202247191011236 0.03595505617977526
1 0.49887640449438203 0.36754057428214737 0.19550561797752805 0.10387016229712859
1 0.44438202247191017 0.4384519350811486 0.08202247191011232 0.02596754057428214
1 0.6230337078651685 0.5403245942571786 0.4415730337078652 0.17378277153558053
1 0.6539325842696629 0.685143570536829 0.4966292134831461 0.06791510611735334
1 0.46348314606741575 0.7560549313358302 0.12247191011235956 0.04993757802746572
1 0.5589887640449439 0.850936329588015 0.3157303370786517 0.11186017478152309
1 0.7421348314606742 0.11785268414481898 0.3202247191011236 0.047940074906367036
0 0.248876404494382 0.46741573033707867 0.27977528089887643 0.4993757802746566
1 0.24719101123595505 0.7820224719101122 0.298876404494382 0.09388264669163547
