0 0.24916573971078976 0.48448893832653567 0.28698553948832034 0.5220615498702261
1 0.24416017797552836 0.7880360894821407 0.3103448275862069 0.07316771721666043
1 0.5517241379310345 0.2600420219997528 0.2914349276974416 0.033617599802249425
1 0.5261401557285873 0.3005808923495242 0.24249165739710782 0.03559510567297
1 0.4621802002224695 0.3460635273760969 0.12569521690767524 0.03164009393152881
1 0.5812013348164627 0.35298479792361886 0.07452725250278093 0.02570757631936722
1 0.44327030033370407 0.378692374242986 0.07452725250278086 0.02570757631936722
1 0.4460511679644049 0.41527623285131626 0.07563959955506121 0.027685082190087727
1 0.6273637374860956 0.5230503028055865 0.44938820912124583 0.164132987269806
1 0.5567296996662959 0.6387343962427389 0.3036707452725251 0.039550117414410974
1 0.53559510567297 0.682239525398591 0.12124582869855388 0.03164009393152895
1 0.4254727474972191 0.7741935483870966 0.03670745272525032 0.029662588060808303
1 0.5550611790878754 0.7850698306760597 0.16907675194660732 0.06328018786305777
1 0.42992213570634036 0.8493387714744778 0.0433815350389321 0.03361759980224946
1 0.543381535038932 0.8829563712767272 0.13904338153503892 0.08503275244098375
1 0.7636262513904337 0.846372512668397 0.1968854282536151 0.03164009393152895
1 0.7397107897664071 0.12062785811395375 0.30700778642936605 0.047460140897293265
