1 0.44831460674157314 0.1957553058676654 0.46516853932584284 0.20774032459425718
1 0.3325842696629213 0.3495630461922597 0.2516853932584269 0.055930087390761545
1 0.4432584269662921 0.4384519350811486 0.4640449438202247 0.09787765293383266
1 0.44438202247191017 0.5213483146067416 0.46629213483146065 0.055930087390761545
1 0.5449438202247191 0.6352059925093633 0.6696629213483146 0.15980024968789003
1 0.4449438202247191 0.7970037453183519 0.4651685393258427 0.1598002496878901
1 0.44887640449438204 0.9068664169787766 0.47752808988764045 0.055930087390761545
0 0.7679775280898877 0.818976279650437 0.15393258426966283 0.1757802746566793
0 0.7679775280898877 0.19076154806491885 0.15393258426966283 0.16978776529338327
0 0.7679775280898876 0.49038701622971287 0.1561797752808988 0.20574282147315856
1 0.06516853932584268 0.12983770287141072 0.07640449438202246 0.023970037453183508
1 0.05561797752808989 0.19675405742821475 0.05280898876404493 0.029962546816479366
1 0.06404494382022471 0.267665418227216 0.058426966292134834 0.023970037453183542
1 0.05393258426966293 0.32958801498127344 0.05168539325842698 0.027965043695380734
1 0.05112359550561798 0.3995006242197253 0.03932584269662921 0.023970037453183508
1 0.04606741573033707 0.46441947565543074 0.031460674157303366 0.017977528089887684
1 0.06573033707865168 0.532334581772784 0.06853932584269662 0.021972534332084948
