0 0.25083426028921024 0.48053392658509453 0.2725250278086763 0.4785564207143739
1 0.6345939933259177 0.2748733160301569 0.4727474972191324 0.027685082190087727
1 0.5038932146829811 0.3075021628970461 0.20912124582869857 0.025707576319367185
1 0.4733036707452725 0.3618835743418613 0.139043381535039 0.07119021134593986
1 0.4532814238042269 0.41033246817451485 0.10344827586206896 0.02570757631936722
1 0.44605116796440486 0.4479050797182055 0.0845383759733037 0.02570757631936722
1 0.6117908787541713 0.48448893832653567 0.40711902113459403 0.03164009393152888
1 0.44994438264738595 0.5250278086763069 0.07897664071190207 0.02570757631936715
1 0.6212458286985539 0.6130268199233716 0.4482758620689655 0.12260536398467436
1 0.42602892102335926 0.7217896428130021 0.04449388209121253 0.03164009393152881
1 0.5906562847608454 0.717834631071561 0.23581757508342605 0.039550117414410974
1 0.5311457174638486 0.7583735014213323 0.1323692992213571 0.021752564577925994
1 0.5483870967741935 0.8117661599307873 0.1624026696329254 0.02570757631936715
1 0.43437152391546163 0.9126189593375355 0.0545050055617353 0.021752564577926136
0 0.5795328142380423 0.9047089358546533 0.20912124582869857 0.08107774069954274
1 0.2452725250278087 0.7811148189346188 0.31701890989988873 0.07119021134593993
1 0.6279199110122359 0.1206278581139538 0.07007786429365957 0.03164009393152886
1 0.7196885428253614 0.11766159930787295 0.09788654060066747 0.021752564577926084
1 0.8008898776418243 0.11469534050179211 0.042269187986651816 0.035595105672969966
1 0.8698553948832035 0.11568409343715239 0.048943270300333665 0.053392658509454946
1 0.9048943270300334 0.23334569274502534 0.052280311457174516 0.02373007044864661
1 0.15016685205784205 0.12161661104931404 0.06896551724137932 0.04548263502657271
0 0.37708565072302563 0.12161661104931407 0.38487208008898777 0.057347670250896064
