1 0.4007051964308427 0.11928429423459246 0.3982468823423099 0.023856858846918492
1 0.7067653004531733 0.06958250497017893 0.4007051964308426 0.031809145129224656
1 0.5199334297246823 0.16699801192842945 0.6465366052841204 0.055666003976143144
1 0.5420582565214772 0.22166998011928435 0.5973703235134648 0.037773359840954264
1 0.5371416283444117 0.25347912524850896 0.5826204389822681 0.025844930417495
1 0.5260792149460143 0.3310139165009941 0.6489949193726531 0.12127236580516908
0 0.5223917438132151 0.426441351888668 0.6563698616382514 0.05765407554671974
1 0.31466420333219536 0.4771371769383698 0.21633163979088432 0.027833001988071544
1 0.5273083719902806 0.5168986083499008 0.6465366052841204 0.02783300198807147
1 0.5309958431230798 0.617296222664016 0.6539115475497187 0.14512922465208747
0 0.5248500579017478 0.7932405566600397 0.5137876445033505 0.1868787276341949
