0 0.24943820224719096 0.46741573033707867 0.2831460674157303 0.5113607990012485
1 0.2449438202247191 0.7790262172284644 0.30112359550561796 0.08389513108614224
1 0.5134831460674157 0.25967540574282144 0.22247191011235956 0.03196004993757803
1 0.5106741573033707 0.2956304619225968 0.21685393258426963 0.031960049937578
1 0.500561797752809 0.36554307116104867 0.19438202247191008 0.09588014981273403
1 0.4449438202247191 0.43845193508114855 0.0831460674157303 0.021972534332084875
1 0.6325842696629214 0.5373283395755305 0.45842696629213486 0.16379525593008737
1 0.45224719101123595 0.6631710362047439 0.08876404494382023 0.02397003745318344
1 0.4651685393258427 0.7310861423220973 0.11910112359550568 0.07990012484394499
1 0.5584269662921347 0.8559300873907616 0.3101123595505617 0.12584269662921344
1 0.7410112359550561 0.1188514357053683 0.3067415730337079 0.049937578027465686
