1 0.744943820224719 0.11585518102372035 0.30561797752808995 0.04794007490636705
1 0.5089887640449439 0.28064918851435705 0.21123595505617979 0.05792759051186014
1 0.48539325842696635 0.34756554307116105 0.15730337078651688 0.06392009987515604
1 0.5101123595505618 0.4084893882646692 0.21573033707865163 0.03795255930087386
1 0.4466292134831461 0.4564294631710362 0.07752808988764037 0.02596754057428214
1 0.5915730337078652 0.4933832709113608 0.3786516853932584 0.0279650436953807
1 0.4449438202247191 0.535330836454432 0.07640449438202246 0.03595505617977537
1 0.6235955056179775 0.6232209737827715 0.44269662921348313 0.12784019975031208
1 0.44101123595505615 0.7300873907615479 0.07977528089887635 0.03395755305867667
1 0.7938202247191012 0.7380774032459425 0.20561797752808986 0.03395755305867667
1 0.48539325842696635 0.8449438202247191 0.16404494382022478 0.16379525593008737
0 0.25 0.5083645443196005 0.2752808988764045 0.5652933832709113
1 0.22471910112359553 0.8779026217228466 0.3438202247191011 0.08589263420724094
