1 0.5028089887640449 0.16280099314059673 0.5876404494382023 0.09787765293383272
1 0.24382022471910111 0.2257178526841448 0.06741573033707865 0.023970037453183508
1 0.505056179775281 0.3215980024968789 0.5898876404494382 0.11585518102372035
1 0.29213483146067415 0.417478152309613 0.16179775280898873 0.05992509363295881
1 0.5848314606741574 0.5153558052434457 0.7404494382022472 0.12784019975031208
1 0.26685393258426965 0.6132334581772784 0.12247191011235951 0.027965043695380772
1 0.5865168539325843 0.7111111111111111 0.7640449438202248 0.11985018726591747
1 0.25674157303370787 0.7950062421972536 0.08426966292134828 0.031960049937577964
1 0.5797752808988764 0.8459425717852684 0.755056179775281 0.06192259675405737
1 0.26292134831460673 0.9098626716604243 0.11235955056179779 0.04194756554307119
1 0.0741573033707865 0.4634207240948814 0.08539325842696628 0.02397003745318344
1 0.07359550561797752 0.2956304619225968 0.09101123595505617 0.031960049937578
1 0.052808988764044947 0.3945068664169788 0.05393258426966293 0.029962546816479405
1 0.0702247191011236 0.1348314606741573 0.08651685393258428 0.03795255930087391
0 0.8837078651685394 0.2456928838951311 0.1606741573033709 0.267665418227216
1 0.8752808988764045 0.414481897627965 0.15056179775280895 0.07390761548064922
1 0.06235955056179774 0.2317103620474407 0.057303370786516844 0.03995006242197256
