0 0.25280898876404495 0.47840199750312107 0.2831460674157304 0.5013732833957554
1 0.24775280898876403 0.7830212234706616 0.302247191011236 0.08389513108614224
1 0.7432584269662921 0.11785268414481898 0.2977528089887641 0.055930087390761545
1 0.6601123595505618 0.2766541822721598 0.5179775280898877 0.06192259675405744
1 0.5101123595505618 0.3275905118601748 0.2179775280898876 0.03995006242197253
1 0.4932584269662922 0.38352059925093634 0.1730337078651685 0.06392009987515607
1 0.44438202247191017 0.44344569288389507 0.07977528089887649 0.03995006242197256
1 0.6213483146067417 0.5483146067415731 0.4269662921348314 0.15780274656679155
1 0.5634831460674157 0.6821473158551811 0.3 0.04194756554307119
1 0.656179775280899 0.7950062421972534 0.49662921348314604 0.15980024968789025
1 0.7887640449438202 0.9178526841448189 0.2584269662921348 0.04993757802746572
1 0.5247191011235955 0.9218476903870162 0.247191011235955 0.045942571785268456
