1 0.5287713841368584 0.2889234491100743 0.4292379471228615 0.09123898392949709
1 0.43312597200622077 0.37739761534473815 0.19440124416796273 0.06912044237083116
1 0.401244167962675 0.48384309659581815 0.1741835147744946 0.11612234318299634
1 0.44479004665629857 0.561248436780042 0.29860031104199064 0.03870744772766543
1 0.4782270606531881 0.7340590979782271 0.3281493001555209 0.24053913945049246
1 0.8429237947122863 0.29860031104199064 0.10264385692068416 0.07188526006566434
1 0.8724727838258164 0.36772075341282184 0.18351477449455672 0.11612234318299638
1 0.8685847589424572 0.4548125108000691 0.15396578538102632 0.03594263003283224
1 0.8716951788491447 0.5336098151028167 0.1757387247278382 0.09400380162433038
1 0.8398133748055989 0.6054950751684811 0.12752721617418344 0.055296353896665026
1 0.8794712286158631 0.6870571971660618 0.1912908242612751 0.09676861931916364
1 0.8600311041990668 0.760324866079143 0.14930015552099532 0.03317781233799906
1 0.8740279937791601 0.8335925349922241 0.18662519440124428 0.04700190081216519
1 0.8818040435458786 0.9151546569898048 0.10886469673405913 0.07741489545533099
0 0.16796267496111977 0.46172455503715226 0.2146189735614308 0.436841195783653
1 0.15707620528771385 0.7022636944876447 0.17729393468118196 0.04423708311733193
1 0.14074650077760498 0.21703818904440988 0.27216174183514774 0.019353723863832713
