0 0.24972191323692994 0.4706463972314917 0.2814238042269188 0.5062415029044617
1 0.22803114571746386 0.7771598071931776 0.34260289210233597 0.07910023482882224
1 0.7419354838709676 0.1196391051785935 0.3114571746384872 0.045482635026572724
1 0.6012235817575083 0.28179458657767886 0.39265850945494996 0.06130268199233718
1 0.46607341490545046 0.3559510567296996 0.12458286985539488 0.06723519960449878
1 0.5127919911012235 0.414287479915956 0.21802002224694106 0.03757261154369047
1 0.4199110122358175 0.4874551971326165 0.027808676307007757 0.02570757631936715
1 0.5511679644048944 0.49734272648621924 0.15016685205784205 0.04943764676801379
1 0.5055617352614016 0.5438141144481523 0.19688542825361516 0.035595105672969966
1 0.4460511679644049 0.5892967494747251 0.08231368186874306 0.01977505870720556
1 0.6268075639599555 0.6941045606229143 0.45050055617352613 0.16215548139908542
1 0.4744160177975528 0.8523050302805586 0.132369299221357 0.0870102583117044
1 0.7958843159065628 0.8186874304783092 0.20355951056729693 0.023730070448646643
