1 0.5396578538102643 0.21012614480732675 0.4261275272161742 0.11059270779332989
1 0.43468118195956457 0.2889234491100743 0.24105754276827374 0.07465007776049766
1 0.39346811819595645 0.3953689303611543 0.13374805598755835 0.02764817694833248
1 0.4774494556765163 0.3538966649386556 0.09020217729393465 0.049766718506998445
1 0.4136858475894247 0.5142489247856536 0.18662519440124414 0.09403246743765172
1 0.4510108864696734 0.6151719371003975 0.23639191290824266 0.08570934853983068
1 0.46423017107309483 0.7575600483843097 0.2814930015552099 0.19906687402799378
1 0.8483670295489891 0.2405391394504925 0.10419906687402801 0.1050630724036634
1 0.8810264385692068 0.46448937273198554 0.18506998444790043 0.21565578019699325
1 0.8359253499222394 0.5889061689994817 0.09486780715396577 0.027648176948332406
1 0.874805598755832 0.6428201140487299 0.1726283048211509 0.052531536201831555
1 0.8818040435458786 0.7907378607223086 0.18040435458786916 0.2101261448073268
0 0.1640746500777605 0.3912217038189044 0.2846034214618973 0.45066528425781927
1 0.15863141524105753 0.6994988767928114 0.3110419906687403 0.1050630724036634
