0 0.20917573872472783 0.5059664157900376 0.22861586314152407 0.4976671850699844
1 0.20373250388802489 0.8031699850779512 0.14618973561430793 0.058061171591498206
1 0.583203732503888 0.3041299464316572 0.4074650077760497 0.17694833246932778
1 0.5606531881804044 0.4492828754104026 0.3716951788491446 0.09676861931916364
1 0.4346811819595645 0.5184033177812338 0.1632970451010886 0.058061171591498206
1 0.4409020217729393 0.6483497494383964 0.1695178849144635 0.09676861931916364
1 0.5062208398133748 0.852514256091239 0.2908242612752722 0.294971487817522
1 0.7993779160186625 0.22533264212890963 0.006220839813374823 0.019353723863832713
1 0.8981337480559876 0.2976786981124179 0.20373250388802489 0.15851620044118284
1 0.8794712286158632 0.44375324002073613 0.1757387247278382 0.09123898392949713
1 0.8779160186625193 0.5446690858821497 0.17884914463452575 0.09400380162433038
1 0.8631415241057542 0.6082598928633144 0.16485225505443238 0.04423708311733186
1 0.8320373250388802 0.6580266113703128 0.08398133748055983 0.04423708311733186
1 0.8794712286158632 0.705028512182478 0.21306376360808713 0.08294453084499737
1 0.8771384136858476 0.8252980819077242 0.20528771384136846 0.14653533782616207
