1 0.4645015105740181 0.5172205438066465 0.5120845921450151 0.38187311178247724
1 0.3277945619335347 0.748036253776435 0.2265861027190332 0.05075528700906332
0 0.10725075528700907 0.5558912386706949 0.16314199395770396 0.1595166163141993
0 0.10725075528700906 0.2682779456193353 0.16012084592145015 0.10151057401812685
1 0.09743202416918428 0.402416918429003 0.14652567975830816 0.10876132930513592
1 0.0785498489425982 0.3335347432024169 0.10876132930513598 0.01933534743202422
1 0.057401812688821746 0.6513595166163142 0.06646525679758308 0.02175226586102724
1 0.09441087613293052 0.7069486404833836 0.1404833836858006 0.07975830815709956
0 0.4675226586102719 0.8628398791540787 0.3459214501510574 0.130513595166163
1 0.5996978851963746 0.7891238670694863 0.08157099697885194 0.026586102719033135
0 0.7696374622356495 0.5788519637462235 0.049848942598187305 0.07492447129909366
1 0.8814199395770393 0.5595166163141994 0.1646525679758308 0.05075528700906339
0 0.7696374622356495 0.48096676737160116 0.049848942598187305 0.06767371601208452
1 0.879154078549849 0.46163141993957707 0.16616314199395774 0.053172205438066486
0 0.7749244712990937 0.3794561933534743 0.05740181268882168 0.07250755287009064
1 0.884441087613293 0.36253776435045315 0.15558912386706963 0.053172205438066555
0 0.7749244712990937 0.2779456193353474 0.06042296072507554 0.08217522658610271
1 0.8851963746223563 0.26706948640483386 0.15709969788519643 0.045921450151057426
0 0.46601208459214505 0.25740181268882173 0.20996978851963755 0.07009063444108761
0 0.054380664652567974 0.16797583081571 0.08157099697885198 0.07009063444108761
1 0.15332326283987915 0.19214501510574017 0.07703927492447132 0.026586102719033243
1 0.21601208459214505 0.19214501510574017 0.03927492447129911 0.03625377643504532
1 0.24848942598187315 0.19214501510574017 0.025679758308157084 0.03141993957703928
1 0.29003021148036257 0.1909365558912387 0.03927492447129907 0.02900302114803626
1 0.35120845921450156 0.1969788519637462 0.07703927492447128 0.03141993957703928
1 0.42220543806646527 0.1909365558912387 0.049848942598187305 0.024169184290030222
1 0.48942598187311176 0.1945619335347432 0.07552870090634435 0.03141993957703928
1 0.5490936555891238 0.19214501510574017 0.03776435045317221 0.03141993957703928
1 0.5959214501510575 0.19214501510574017 0.037764350453172287 0.03141993957703928
1 0.6419939577039274 0.19335347432024172 0.048338368580060305 0.02900302114803626
1 0.6895770392749244 0.19335347432024172 0.034743202416918424 0.024169184290030222
1 0.734894259818731 0.19335347432024172 0.04380664652567973 0.033836858006042296
1 0.7764350453172206 0.19214501510574017 0.027190332326283907 0.03625377643504532
1 0.8179758308157099 0.18972809667673715 0.04682779456193359 0.026586102719033243
1 0.9123867069486405 0.18972809667673715 0.12990936555891253 0.026586102719033243
1 0.9667673716012084 0.14138972809667674 0.03323262839879149 0.02658610271903321
