1 0.4531722054380664 0.28157099697885196 0.4652567975830814 0.1232628398791541
1 0.45921450151057397 0.45921450151057397 0.48036253776435045 0.18368580060422957
1 0.4924471299093655 0.6404833836858006 0.3716012084592144 0.05800604229607245
1 0.27794561933534745 0.7178247734138972 0.09365558912386707 0.019335347432024152
1 0.3836858006042296 0.7214501510574018 0.09063444108761325 0.031419939577039174
1 0.5037764350453172 0.7202416918429003 0.1283987915407855 0.038670694864048304
1 0.6148036253776435 0.7214501510574018 0.08459214501510587 0.04108761329305139
1 0.2537764350453172 0.7504531722054381 0.042296072507552865 0.01691842900302106
1 0.30362537764350456 0.7516616314199396 0.04833836858006041 0.019335347432024152
1 0.4584592145015105 0.8253776435045316 0.47280966767371596 0.06525679758308157
1 0.3021148036253776 0.18126888217522658 0.1661631419939577 0.03383685800604226
1 0.10498489425981873 0.2719033232628399 0.04380664652567976 0.036253776435045355
1 0.09516616314199396 0.32265861027190335 0.02719033232628398 0.021752265861027204
1 0.11706948640483385 0.3770392749244713 0.05891238670694864 0.029003021148036226
1 0.10498489425981873 0.4253776435045317 0.031722054380664666 0.024169184290030187
1 0.10498489425981873 0.47734138972809675 0.04682779456193353 0.02175226586102717
1 0.11706948640483385 0.5280966767371601 0.05589123867069489 0.02175226586102717
1 0.12160120845921449 0.575226586102719 0.07099697885196374 0.029003021148036368
1 0.12613293051359517 0.6259818731117824 0.07703927492447128 0.024169184290030187
1 0.11027190332326285 0.6743202416918429 0.03927492447129909 0.029003021148036226
1 0.10800604229607252 0.7238670694864048 0.04078549848942599 0.03141993957703931
1 0.11782477341389727 0.7758308157099698 0.060422960725075504 0.029003021148036226
1 0.12386706948640484 0.8326283987915408 0.06646525679758307 0.036253776435045355
1 0.11555891238670694 0.8954682779456193 0.0528700906344411 0.03141993957703931
1 0.11858006042296072 0.22839879154078552 0.05891238670694863 0.03141993957703928
1 0.07477341389728097 0.16314199395770396 0.04078549848942599 0.026586102719033226
1 0.0853474320241692 0.1015105740181269 0.06193353474320242 0.029003021148036243
1 0.2824773413897281 0.11238670694864047 0.07250755287009064 0.02658610271903326
1 0.4667673716012085 0.11480362537764352 0.042296072507552865 0.026586102719033243
1 0.688821752265861 0.11842900302114803 0.030211480362537627 0.03867069486404834
1 0.8293051359516617 0.29003021148036257 0.1963746223564955 0.048338368580060374
1 0.7734138972809669 0.3274924471299094 0.08459214501510573 0.021752265861027204
1 0.8255287009063444 0.5438066465256797 0.18882175226586098 0.048338368580060444
1 0.7756797583081572 0.5836858006042296 0.08912386706948638 0.01691842900302106
1 0.8315709969788521 0.7963746223564955 0.19788519637462243 0.04108761329305139
1 0.7771903323262839 0.8362537764350454 0.09516616314199396 0.029003021148036226
0 0.8368580060422961 0.170392749244713 0.17220543806646532 0.13293051359516614
0 0.8361027190332326 0.43625377643504537 0.20996978851963746 0.16676737160120844
0 0.8361027190332325 0.6864048338368579 0.20694864048338374 0.16435045317220542
0 0.8361027190332325 0.8954682779456193 0.20694864048338374 0.07009063444108761
1 0.45166163141993954 0.9135951661631421 0.4743202416918429 0.03383685800604226
