1 0.6442061484691368 0.147117296222664 0.461352874886194 0.023856858846918492
1 0.5527795116776653 0.19184890656063616 0.5316810570334796 0.041749502982107355
1 0.3606667130754989 0.2236812011146201 0.14424945220241117 0.021461654282359605
1 0.3509054719490199 0.2478255621822746 0.17461775792923467 0.017629216017652532
1 0.5591452826472376 0.29228184605287666 0.5325299325667963 0.05901954927648887
1 0.5260655210519478 0.3367381299234787 0.46420124468144364 0.019162191323535326
1 0.4127266657500533 0.3551338335940727 0.24186186346720084 0.014563265405886839
1 0.4528562126033557 0.37621224404996156 0.31344429839471316 0.016862728364711116
1 0.4403835156084104 0.39575767919996757 0.29934472787868793 0.019162191323535326
1 0.3113182162694108 0.4248842100117413 0.0976124112647895 0.019162191323535326
1 0.5548069532576915 0.4509447902117494 0.5325299325667963 0.029893018464715197
1 0.5526377885629182 0.4854367345941131 0.5260224384824769 0.029893018464715128
1 0.555891535605078 0.5226113857617716 0.5346990972615694 0.030659506117656506
1 0.39157730997601553 0.5559535986647233 0.26463809276231826 0.02376111724118381
1 0.555891535605078 0.5919785183529698 0.5368682619563425 0.04522277152354349
1 0.5564338267787715 0.6352850707441597 0.5357836796089553 0.027593555505890866
1 0.555891535605078 0.6709267466059353 0.5260224384824771 0.03142599377059795
1 0.5482994591733721 0.6969873268059434 0.5130074503138384 0.01609624071176967
1 0.5564338267787713 0.7268803452706587 0.5336145149141829 0.032958969076481
1 0.5103390770148428 0.7533241692971373 0.4392558506915531 0.01686272836471119
1 0.5548069532576914 0.7777185806469898 0.5216841090929307 0.02606058020000802
