0 0.24831460674157305 0.4634207240948814 0.2876404494382023 0.5073657927590511
1 0.24606741573033708 0.7850187265917603 0.3056179775280899 0.09588014981273403
1 0.744943820224719 0.11785268414481898 0.298876404494382 0.043945068664169785
1 0.504494382022472 0.2636704119850187 0.19325842696629209 0.03595505617977526
1 0.48932584269662927 0.2976279650436954 0.1651685393258427 0.027965043695380772
1 0.4792134831460675 0.3495630461922597 0.14269662921348314 0.0679151061173533
1 0.4449438202247191 0.4114856429463171 0.07865168539325851 0.023970037453183508
1 0.6219101123595506 0.5153558052434457 0.43033707865168536 0.16379525593008737
1 0.5337078651685393 0.644194756554307 0.25393258426966286 0.03795255930087386
1 0.4646067415730337 0.7151061173533083 0.11348314606741568 0.0719101123595506
1 0.5578651685393258 0.8209737827715355 0.2977528089887641 0.09987515605493144
1 0.4719101123595506 0.911860174781523 0.1370786516853933 0.03395755305867667
1 0.7466292134831459 0.917852684144819 0.16292134831460672 0.021972534332084875
