0 0.15241057542768272 0.4893727319854847 0.2208398133748056 0.403663383445654
0 0.16174183514774496 0.8128564022809747 0.27993779160186627 0.11059270779332991
1 0.1671850699844479 0.727147053741144 0.1850699844479005 0.03870744772766543
1 0.5334370139968896 0.3400630211933823 0.4043545878693623 0.13824088474166232
1 0.43701399688958004 0.4617245550371522 0.21461897356143075 0.08847416623466386
1 0.4059097978227061 0.5405051376154624 0.16174183514774498 0.06359080698116472
1 0.43545878693623635 0.6801451529289787 0.2208398133748056 0.1437705201313289
1 0.4556765163297045 0.8570695972205388 0.26749611197511663 0.22118541558665983
1 0.8825816485225505 0.33592534992223944 0.19440124416796267 0.10229825470883011
1 0.8584758942457232 0.45066528425781927 0.12752721617418358 0.06082598928633146
1 0.8825816485225505 0.5889061689994817 0.17884914463452561 0.19906687402799392
1 0.8530326594090204 0.7022636944876447 0.12286158631415234 0.03317781233799906
1 0.8367029548989114 0.7437359599101434 0.08398133748055997 0.02211854155866604
1 0.8771384136858476 0.7935026784171418 0.18040435458786944 0.049766718506998445
1 0.8763608087091758 0.9230171073094868 0.18506998444790043 0.15396578538102645
