1 0.11296583850931675 0.13664596273291926 0.19099378881987575 0.03312629399585923
1 0.23000776397515524 0.11076604554865427 0.005822981366459637 0.0020703933747411975
1 0.4699145962732919 0.13871635610766045 0.483307453416149 0.062111801242236024
1 0.26319875776397517 0.2163561076604555 0.32608695652173914 0.031055900621118012
1 0.34996118012422356 0.3002070393374741 0.5415372670807453 0.11594202898550723
1 0.3453027950310559 0.40372670807453415 0.515916149068323 0.057971014492753596
1 0.35578416149068326 0.5020703933747412 0.5252329192546584 0.1014492753623189
1 0.358695652173913 0.6149068322981367 0.5333850931677019 0.08281573498964803
0 0.22185559006211178 0.8115942028985507 0.25970496894409933 0.24430641821946167
0 0.4798136645962732 0.8157349896480333 0.25388198757763975 0.2608695652173914
0 0.8355978260869564 0.15010351966873706 0.03144409937888213 0.06832298136645962
0 0.8670419254658384 0.14699792960662528 0.022127329192546626 0.04968944099378882
0 0.8944099378881987 0.14596273291925466 0.02329192546583869 0.07246376811594199
0 0.9147903726708074 0.14803312629399584 0.008152173913043584 0.05590062111801244
