0 0.2530589543937709 0.47460140897293285 0.2858731924360401 0.5062415029044618
1 0.5166852057842047 0.26201952787047333 0.21913236929922142 0.033617599802249425
1 0.4816462736373748 0.29662588060808304 0.15572858731924363 0.03164009393152885
1 0.4705228031145717 0.35397355085897914 0.12680756395995552 0.06723519960449885
1 0.5027808676307007 0.40439995056235317 0.20022246941045607 0.029662588060808376
1 0.4454949944382648 0.4370287974292424 0.0812013348164627 0.03164009393152888
1 0.6256952169076753 0.5388703497713508 0.43492769744160187 0.1601779755283649
1 0.42714126807563957 0.6664194784328266 0.037819799777530604 0.03955011741441112
1 0.5901001112347053 0.6634532196267457 0.23470522803114577 0.04548263502657278
1 0.53559510567297 0.7039920899765171 0.11902113459399331 0.01977505870720563
1 0.47719688542825367 0.8157211716722285 0.14682981090100122 0.04548263502657278
1 0.7413793103448276 0.8167099246075886 0.16796440489432712 0.05537016438017559
1 0.7480533926585095 0.8790013595352861 0.17241379310344826 0.04943764676801379
1 0.41768631813125695 0.8671363243109629 0.030033370411568398 0.02570757631936715
0 0.5411568409343716 0.8869113830181683 0.15016685205784205 0.08107774069954274
1 0.2452725250278087 0.7850698306760597 0.30812013348164624 0.09096527005314542
1 0.7408231368186875 0.12062785811395377 0.30478309232480527 0.039550117414411085
