1 0.06853932584269662 0.12584269662921346 0.06966292134831459 0.03196004993757802
1 0.08707865168539326 0.5143570536828964 0.11348314606741575 0.03395755305867667
1 0.0955056179775281 0.5842696629213484 0.1303370786516854 0.025967540574282067
1 0.052808988764044947 0.6491885143570536 0.042696629213483155 0.0279650436953807
1 0.060674157303370786 0.7151061173533083 0.060674157303370786 0.02796504369538084
1 0.060112359550561795 0.8149812734082397 0.06179775280898876 0.0279650436953807
1 0.10224719101123596 0.27365792759051183 0.14157303370786517 0.047940074906367015
1 0.07808988764044944 0.41548064918851435 0.0955056179775281 0.023970037453183508
0 0.8713483146067414 0.2916354556803995 0.16067415730337076 0.18377028714107368
1 0.23988764044943822 0.8709113607990012 0.059550561797752796 0.03595505617977523
1 0.49719101123595505 0.9278401997503122 0.5831460674157305 0.029962546816479405
1 0.2567415730337078 0.1128589263420724 0.08651685393258429 0.03795255930087391
1 0.5870786516853933 0.17078651685393256 0.753932584269663 0.08988764044943819
1 0.4780898876404494 0.3036204744069913 0.5337078651685393 0.16779026217228465
1 0.4932584269662921 0.45842696629213475 0.5617977528089887 0.12584269662921352
1 0.5898876404494381 0.6192259675405742 0.7662921348314606 0.17977528089887643
1 0.4853932584269663 0.7790262172284644 0.546067415730337 0.11985018726591762
