1 0.5089887640449439 0.2377028714107366 0.21123595505617979 0.06791510611735334
1 0.46629213483146065 0.30861273595271826 0.13033707865168537 0.07390761548064916
1 0.5286516853932585 0.36853932584269666 0.25280898876404495 0.029962546816479405
1 0.4202247191011236 0.44144818976279654 0.033707865168539325 0.019975031210986316
1 0.41910112359550566 0.5712858926342073 0.022471910112359553 0.03196004993757803
1 0.6786516853932585 0.5962546816479402 0.4112359550561798 0.08589263420724087
1 0.501685393258427 0.6581772784019975 0.20112359550561792 0.021972534332084875
1 0.6224719101123596 0.8099875156054931 0.43820224719101125 0.15780274656679155
1 0.44662921348314605 0.7031210986267166 0.08202247191011239 0.0279650436953807
1 0.22528089887640448 0.8998751560549313 0.3471910112359551 0.06591760299625463
1 0.743820224719101 0.11485642946317104 0.298876404494382 0.04594257178526842
0 0.252247191011236 0.506367041198502 0.28426966292134837 0.6931335830212235
