1 0.5365168539325842 0.11485642946317104 0.6191011235955055 0.04594257178526842
1 0.25337078651685396 0.15181023720349565 0.08426966292134833 0.023970037453183525
1 0.5011235955056179 0.18277153558052434 0.548314606741573 0.021972534332084914
1 0.248876404494382 0.20774032459425718 0.0685393258426966 0.03196004993757803
1 0.5303370786516853 0.24569288389513108 0.604494382022472 0.03196004993757803
1 0.2359550561797753 0.28464419475655434 0.05168539325842698 0.025967540574282105
1 0.5460674157303371 0.33058676654182273 0.6314606741573034 0.049937578027465686
1 0.2421348314606742 0.37453183520599254 0.06629213483146071 0.021972534332084806
1 0.5342696629213484 0.414481897627965 0.6101123595505619 0.045942571785268387
1 0.24719101123595505 0.44943820224719105 0.06292134831460672 0.019975031210986247
1 0.43876404494382015 0.4803995006242197 0.4235955056179775 0.021972534332084875
1 0.25112359550561797 0.5073657927590512 0.07528089887640448 0.02397003745318358
1 0.5 0.5343320848938826 0.5393258426966292 0.02596754057428221
1 0.2410112359550562 0.5583021223470662 0.05505617977528093 0.02596754057428221
1 0.28370786516853935 0.5902621722846443 0.0932584269662921 0.017977528089887614
1 0.23988764044943822 0.6431960049937578 0.06853932584269665 0.031960049937577895
0 0.298876404494382 0.8039950062421971 0.06966292134831463 0.2456928838951312
0 0.45955056179775283 0.8059880205922372 0.08988764044943821 0.26566791510611737
0 0.6095505617977528 0.8049937578027465 0.10898876404494388 0.25168539325842704
0 0.7713483146067415 0.8029962546816479 0.10898876404494373 0.25568039950062427
1 0.06629213483146067 0.13083645443196004 0.07191011235955055 0.021972534332084875
1 0.04719101123595506 0.16579275905118604 0.03595505617977528 0.02796504369538079
1 0.04887640449438203 0.19375780274656676 0.03483146067415731 0.01997503121098628
1 0.06629213483146067 0.22771535580524344 0.05617977528089888 0.019975031210986247
1 0.09101123595505617 0.26566791510611737 0.11235955056179775 0.023970037453183542
1 0.10056179775280898 0.2976279650436954 0.1382022471910112 0.019975031210986247
1 0.06235955056179776 0.3325842696629213 0.05505617977528091 0.021972534332084875
1 0.060674157303370786 0.36254681647940074 0.03370786516853934 0.017977528089887614
1 0.06179775280898877 0.3995006242197253 0.049438202247191004 0.019975031210986247
1 0.06123595505617978 0.42846441947565544 0.06629213483146067 0.021972534332084875
1 0.08033707865168539 0.4604244694132335 0.08876404494382023 0.02596754057428214
1 0.05112359550561798 0.49737827715355803 0.050561797752808994 0.019975031210986247
1 0.0691011235955056 0.5313358302122347 0.08651685393258425 0.019975031210986247
1 0.10393258426966291 0.5612983770287141 0.15393258426966291 0.027965043695380772
1 0.07696629213483144 0.5982521847690387 0.10224719101123593 0.02996254681647933
1 0.09382022471910112 0.631210986267166 0.12696629213483146 0.0279650436953807
1 0.057303370786516844 0.666167290886392 0.060674157303370786 0.02596754057428214
1 0.04719101123595506 0.6991260923845194 0.042696629213483155 0.01598002496878905
1 0.052247191011235955 0.7280898876404494 0.04382022471910113 0.021972534332084875
1 0.058426966292134834 0.759051186017478 0.05842696629213482 0.02397003745318344
1 0.060674157303370786 0.7940074906367042 0.0696629213483146 0.03395755305867652
