1 0.44259818731117817 0.4 0.4531722054380664 0.2876132930513595
1 0.44259818731117817 0.634441087613293 0.4501510574018126 0.1232628398791541
1 0.26132930513595165 0.2404833836858006 0.08157099697885198 0.03141993957703931
1 0.44108761329305124 0.7746223564954682 0.45015105740181255 0.055589123867069504
0 0.10725075528700906 0.14138972809667674 0.024169184290030205 0.02658610271903321
0 0.04607250755287009 0.45196374622356494 0.0891238670694864 0.6622356495468277
1 0.14425981873111782 0.1377643504531722 0.04078549848942597 0.03383685800604228
1 0.19788519637462237 0.13897280966767372 0.057401812688821746 0.031419939577039264
1 0.2598187311178248 0.1377643504531722 0.05135951661631424 0.02900302114803626
1 0.3300604229607251 0.14018126888217522 0.07401812688821749 0.029003021148036226
1 0.3942598187311178 0.1365558912386707 0.042296072507552865 0.026586102719033243
1 0.4463746223564955 0.14259818731117824 0.05891238670694854 0.03383685800604226
1 0.5234138972809668 0.14138972809667674 0.09214501510574018 0.02658610271903321
1 0.5981873111782477 0.14259818731117824 0.04531722054380666 0.029003021148036226
1 0.3761329305135952 0.19214501510574017 0.5438066465256797 0.03625377643504532
1 0.13972809667673716 0.6887903542318883 0.08912386706948619 0.07727859366015334
1 0.1382175226586103 0.5873111782477342 0.08912386706948641 0.06767371601208459
1 0.1472809667673716 0.49788519637462236 0.10120845921450149 0.06283987915407849
1 0.14803625377643503 0.3963746223564955 0.10876132930513595 0.05800604229607252
1 0.14350453172205438 0.30815709969788524 0.09365558912386708 0.07009063444108761
1 0.8489425981873111 0.3613293051359517 0.09063444108761332 0.055589123867069504
1 0.8527190332326284 0.4725075528700906 0.08006042296072494 0.045921450151057426
1 0.7998489425981873 0.5643504531722054 0.06797583081571006 0.026586102719033278
1 0.7228096676737161 0.2634441087613293 0.0649546827794562 0.03383685800604226
1 0.7983383685800604 0.26223564954682776 0.05287009063444117 0.03141993957703928
1 0.8512084592145015 0.7492447129909365 0.1042296072507554 0.07734138972809675
1 0.8519637462235637 0.8362515858745357 0.08157099697885183 0.09184728142313416
1 0.8874622356495468 0.6864048338368579 0.0317220543806647 0.029003021148036368
0 0.7990936555891238 0.8012084592145016 0.21148036253776425 0.2682779456193353
1 0.7983383685800604 0.6501510574018127 0.08006042296072508 0.02416918429003033
1 0.25755287009063443 0.9063444108761328 0.07401812688821753 0.029003021148036368
1 0.33610271903323263 0.9087613293051359 0.07099697885196381 0.024169184290030187
1 0.4086102719033232 0.9099697885196375 0.0649546827794562 0.02175226586102724
0 0.9554380664652569 0.45438066465256804 0.08308157099697894 0.6622356495468279
1 0.8194864048338368 0.14138972809667674 0.13444108761329318 0.0362537764350453
