1 0.3295068027210884 0.2585034013605442 0.21967120181405891 0.03628117913832199
1 0.44571995464852604 0.4342403628117914 0.457766439909297 0.30158730158730157
1 0.2650226757369614 0.6337868480725624 0.09353741496598637 0.03401360544217688
1 0.4428854875283447 0.7879818594104308 0.45493197278911574 0.2743764172335601
1 0.14243197278911562 0.30839002267573695 0.09778911564625849 0.07709750566893422
1 0.15093537414965985 0.40249433106575966 0.11479591836734693 0.07482993197278916
1 0.14314058956916098 0.4931972789115646 0.09920634920634923 0.06122448979591844
1 0.13676303854875282 0.5884353741496599 0.08645124716553289 0.06575963718820858
1 0.14101473922902494 0.6859410430839002 0.09212018140589567 0.06575963718820858
1 0.7837301587301587 0.4183673469387755 0.15873015873015858 0.16553287981859405
1 0.7369614512471655 0.5544217687074829 0.06235827664399096 0.052154195011337875
1 0.7164115646258503 0.653061224489796 0.06377551020408162 0.02721088435374135
1 0.7893990929705216 0.6485260770975058 0.053854875283446686 0.0317460317460317
0 0.8538832199546484 0.7528344671201813 0.09212018140589578 0.08163265306122454
0 0.7362528344671202 0.7517006802721089 0.10062358276643991 0.0702947845804988
0 0.7397959183673468 0.8582766439909298 0.0992063492063491 0.08390022675736972
0 0.8538832199546484 0.8571428571428572 0.07511337868480723 0.06802721088435376
1 0.3812358276643991 0.19274376417233563 0.5583900226757369 0.04535147392290252
1 0.1417233560090703 0.1383219954648526 0.03968253968253968 0.03174603174603174
1 0.19203514739229025 0.1405895691609977 0.05243764172335602 0.03628117913832199
1 0.2558106575963719 0.13605442176870747 0.05810657596371883 0.03628117913832199
1 0.3287981859410431 0.1360544217687075 0.07936507936507936 0.040816326530612256
