0 0.25139043381535037 0.47954517364973426 0.2736373748609566 0.4805339265850945
1 0.5066740823136818 0.26300828080583366 0.20133481646273638 0.02768508219008776
1 0.5011123470522802 0.2946483747373625 0.1968854282536151 0.035595105672969966
1 0.46496106785317015 0.3559510567296996 0.12235817575083431 0.06723519960449878
1 0.5011123470522802 0.4043999505623532 0.1946607341490546 0.017797552836484983
1 0.44994438264738595 0.43801755036460266 0.08787541713014463 0.029662588060808303
1 0.6279199110122359 0.5438141144481523 0.4460511679644049 0.1661104931405265
1 0.424916573971079 0.6703744901742678 0.04449388209121245 0.03955011741441112
1 0.5912124582869857 0.664441972562106 0.23248053392658513 0.04350512915585213
1 0.5350389321468297 0.7049808429118773 0.11790878754171295 0.02570757631936715
1 0.4221357063403782 0.8008898776418243 0.03448275862068968 0.03164009393152881
0 0.5022246941045606 0.8157211716722285 0.06562847608453837 0.07712272895810174
1 0.482202447163515 0.9076751946607342 0.16351501668520568 0.05537016438017545
1 0.7208008898776419 0.8137436658015079 0.13125695216907673 0.06130268199233711
1 0.7602892102335929 0.8888888888888888 0.19911012235817566 0.033617599802249314
1 0.24582869855394882 0.7919911012235817 0.307007786429366 0.09294277592386607
1 0.7436040044493882 0.11667284637251267 0.2969966629588432 0.05141515263873439
