1 0.505056179775281 0.26067415730337073 0.20337078651685395 0.013982521847690386
1 0.4415730337078652 0.36754057428214737 0.06741573033707858 0.03995006242197256
1 0.5219101123595506 0.2976279650436954 0.2303370786516853 0.03196004993757807
1 0.46573033707865163 0.4064918851435705 0.12696629213483143 0.021972534332084948
1 0.44269662921348313 0.4344569288389513 0.07415730337078656 0.021972534332084948
1 0.6387640449438203 0.5463171036204745 0.4617977528089887 0.1617977528089888
1 0.47752808988764045 0.6801498127340824 0.12134831460674157 0.053932584269662985
1 0.6415730337078652 0.6821473158551811 0.044943820224719176 0.02596754057428214
1 0.5432584269662921 0.7400749063670412 0.25505617977528083 0.04993757802746572
0 0.2646067415730337 0.4714107365792759 0.2662921348314607 0.5033707865168541
1 0.25056179775280896 0.7850187265917603 0.296629213483146 0.08389513108614224
1 0.15 0.12384519350811483 0.05955056179775284 0.047940074906367036
1 0.6292134831460675 0.1188514357053683 0.06516853932584275 0.03395755305867667
1 0.7202247191011236 0.11585518102372035 0.08539325842696627 0.04794007490636705
1 0.8073033707865167 0.11685393258426967 0.03932584269662911 0.03395755305867665
1 0.8696629213483146 0.12084893882646693 0.04719101123595507 0.03795255930087391
0 0.37041156840934375 0.1196391051785935 0.3848720800889878 0.053392658509454946
