1 0.43367346938775514 0.5770975056689341 0.44501133786848074 0.03854875283446717
1 0.4584750566893424 0.7006802721088435 0.5031179138321995 0.19047619047619035
1 0.3543083900226758 0.8310657596371882 0.2862811791383219 0.052154195011337806
1 0.4641439909297052 0.8922902494331066 0.5059523809523809 0.05668934240362816
0 0.8871882086167799 0.8151927437641723 0.1899092970521542 0.18367346938775525
0 0.8553004535147392 0.4988662131519275 0.21400226757369623 0.2312925170068027
0 0.8553004535147392 0.2619047619047619 0.2111678004535149 0.08390022675736962
1 0.8255385487528345 0.32539682539682535 0.15447845804988675 0.034013605442176846
1 0.7979024943310656 0.3582766439909297 0.10487528344671204 0.027210884353741492
1 0.9367913832199547 0.3582766439909297 0.04251700680272109 0.022675736961451278
1 0.8602607709750566 0.6564625850340136 0.23242630385487517 0.061224489795918303
1 0.25722789115646255 0.2414965986394558 0.09778911564625851 0.029478458049886632
1 0.31320861678004536 0.4591836734693877 0.12755102040816324 0.07936507936507936
1 0.4613095238095238 0.4648526077097506 0.12896825396825398 0.09523809523809533
1 0.6193310657596371 0.4682539682539683 0.12755102040816324 0.08843537414965993
0 0.6214569160997732 0.35941043083900226 0.12613378684807258 0.1111111111111111
0 0.467687074829932 0.36281179138321995 0.11904761904761912 0.09523809523809522
0 0.3125 0.36167800453514737 0.12329931972789115 0.09297052154195011
1 0.15093537414965985 0.19047619047619047 0.08645124716553287 0.03628117913832199
1 0.2147108843537415 0.1950113378684807 0.032596371882086146 0.027210884353741492
1 0.24730725623582767 0.19387755102040813 0.029761904761904746 0.02494331065759635
1 0.2891156462585034 0.19047619047619047 0.04251700680272109 0.03628117913832199
1 0.35076530612244894 0.19274376417233563 0.0694444444444445 0.022675736961451243
1 0.4216269841269842 0.1950113378684807 0.06094104308390023 0.04081632653061227
