1 0.36218944099378875 0.2422360248447205 0.42158385093167694 0.13250517598343683
1 0.36102484472049684 0.36231884057971014 0.4262422360248446 0.0869565217391305
1 0.36218944099378875 0.47308488612836436 0.4192546583850931 0.07246376811594203
1 0.37150621118012417 0.5952380952380952 0.4448757763975155 0.10973084886128355
1 0.3581133540372671 0.7308488612836439 0.42740683229813664 0.11594202898550733
1 0.2061335403726708 0.10869565217391304 0.051242236024844734 0.03519668737060042
1 0.3668478260869565 0.10559006211180125 0.2515527950310559 0.03312629399585923
1 0.6696428571428571 0.10869565217391304 0.03726708074534173 0.043478260869565216
1 0.7074922360248448 0.10869565217391304 0.031444099378881984 0.03933747412008284
1 0.7354425465838509 0.10973084886128365 0.019798136645962784 0.03312629399585921
1 0.7581521739130435 0.10869565217391304 0.018633540372670863 0.03519668737060042
1 0.7878493788819876 0.10869565217391304 0.033773291925465826 0.03519668737060042
0 0.6999223602484471 0.2826086956521739 0.19798136645962727 0.3002070393374741
0 0.7045807453416149 0.6149068322981366 0.20962732919254648 0.3271221532091097
0 0.702251552795031 0.8643892339544513 0.21428571428571425 0.15527950310559008
0 0.3692578024266894 0.8778467908902688 0.42407461106455924 0.13664596273291982
