0 0.16298185941043083 0.5192743764172336 0.16723356009070295 0.49433106575963726
0 0.3436791383219955 0.5147392290249434 0.16865079365079372 0.5034013605442178
0 0.5279195011337869 0.5170068027210885 0.17148526077097506 0.5170068027210885
0 0.7114512471655329 0.5294784580498867 0.16723356009070295 0.4829931972789116
0 0.8935657596371882 0.5204081632653061 0.1601473922902494 0.4784580498866214
1 0.8801020408163265 0.8095238095238095 0.15022675736961447 0.058956916099773195
1 0.7008219954648526 0.8219954648526078 0.157312925170068 0.07936507936507936
1 0.5073696145124716 0.8106575963718821 0.14172335600907027 0.05668934240362802
1 0.33942743764172334 0.8174603174603174 0.16298185941043086 0.07482993197278916
1 0.1459750566893424 0.8219954648526078 0.14455782312925172 0.09297052154195015
1 0.09212018140589569 0.18367346938775508 0.022675736961451243 0.04535147392290249
1 0.14951814058956917 0.19274376417233563 0.04960317460317462 0.013605442176870746
1 0.2090419501133787 0.19274376417233563 0.038265306122448946 0.027210884353741457
1 0.2962018140589569 0.19614512471655332 0.08786848072562357 0.034013605442176846
1 0.42800453514739234 0.19160997732426302 0.12471655328798185 0.02494331065759635
1 0.5619331065759637 0.1950113378684807 0.11196145124716551 0.03628117913832199
1 0.6590136054421768 0.19274376417233563 0.03968253968253968 0.03174603174603174
1 0.7405045351473923 0.19387755102040816 0.07794784580498856 0.03401360544217688
1 0.822704081632653 0.19614512471655332 0.049603174603174406 0.03854875283446713
1 0.8942743764172334 0.19047619047619047 0.05385487528344655 0.027210884353741492
1 0.029761904761904764 0.2324263038548753 0.03968253968253968 0.020408163265306135
1 0.031179138321995464 0.326530612244898 0.03968253968253968 0.027210884353741457
1 0.03188775510204081 0.41723356009070295 0.058106575963718814 0.03174603174603177
1 0.028344671201814064 0.5136054421768708 0.03968253968253969 0.024943310657596383
