1 0.6934358759722368 0.1441351888667992 0.3966509473106912 0.021868787276341964
0 0.5232416751758053 0.3091451292246521 0.6076354937525481 0.27634194831013914
1 0.4064968928113112 0.4622266401590457 0.3853984381671254 0.025844930417495037
1 0.3460146561646455 0.5059642147117296 0.2531814557302284 0.02186878727634202
1 0.3642999835229398 0.5318091451292246 0.28412585587503414 0.025844930417495037
1 0.5457466934629367 0.588469184890656 0.5626254571782854 0.07952286282306162
1 0.5471532571058825 0.6550695825049702 0.5710648390359596 0.05367793240556665
1 0.5457466934629367 0.7087475149105367 0.573877966321851 0.04970178926441363
1 0.554186075320611 0.7485089463220675 0.579504220893634 0.03379721669980114
1 0.5513729480347196 0.7872763419483101 0.5738779663218511 0.03578528827037758
