0 0.09840838509316768 0.4782608695652174 0.10830745341614906 0.6873706004140787
0 0.8670419254658384 0.47929606625258797 0.09899068322981364 0.6977225672877847
0 0.701086956521739 0.5455486542443064 0.19099378881987575 0.2877846790890269
0 0.3779114906832298 0.6583850931677019 0.40644409937888193 0.31055900621118016
0 0.22069099378881987 0.8674948240165631 0.094332298136646 0.08695652173913046
0 0.8431677018633539 0.10144927536231883 0.06288819875776397 0.0372670807453416
0 0.9054736024844721 0.10662525879917185 0.04076086956521735 0.04347826086956523
1 0.4582947223574234 0.2298136645962733 0.6044822204580587 0.1366459627329194
1 0.3953804347826086 0.32608695652173914 0.4693322981366459 0.04761904761904763
1 0.42158385093167694 0.8540372670807455 0.29580745341614906 0.051759834368530024
1 0.3202639751552795 0.9089026915113871 0.06521739130434781 0.02484472049689444
1 0.6457686335403727 0.7370600414078674 0.09200310559006213 0.02898550724637687
1 0.7005046583850931 0.8095238095238095 0.1711956521739131 0.08695652173913032
1 0.701669254658385 0.9120082815734989 0.17818322981366458 0.06418219461697718
1 0.5432841614906831 0.40579710144927533 0.08967391304347828 0.03312629399585923
1 0.25038819875776397 0.4089026915113871 0.1700310559006211 0.05590062111801238
0 0.46001552795031053 0.4720496894409938 0.027950310559006226 0.04554865424430645
0 0.4856366459627328 0.4761904761904762 0.004658385093167751 0.012422360248447149
0 0.4902950310559005 0.468944099378882 0.013975155279503113 0.035196687370600444
0 0.5240683229813664 0.46687370600414085 0.030279503105590067 0.05175983436853009
0 0.5607531055900621 0.4699792960662526 0.033773291925465895 0.04554865424430645
0 0.202639751552795 0.4710144927536232 0.06754658385093165 0.026915113871635584
1 0.17410714285714285 0.14906832298136646 0.02678571428571427 0.024844720496894422
1 0.2119565217391304 0.15113871635610768 0.02096273291925467 0.02484472049689444
1 0.2573757763975155 0.14699792960662528 0.04192546583850934 0.012422360248447202
1 0.43090062111801236 0.15010351966873706 0.28649068322981364 0.022774327122153225
1 0.04541925465838509 0.10662525879917183 0.03726708074534161 0.0269151138716356
1 0.08501552795031055 0.11076604554865424 0.0326086956521739 0.031055900621118012
1 0.11937111801242235 0.10662525879917183 0.026785714285714288 0.03105590062111803
1 0.15663819875776394 0.10662525879917183 0.04774844720496892 0.03105590062111803
1 0.20147515527950308 0.10766045548654243 0.03493788819875775 0.028985507246376815
1 0.2515527950310559 0.10662525879917183 0.05822981366459626 0.03105590062111803
1 0.3027950310559006 0.10455486542443065 0.030279503105590067 0.03933747412008282
1 0.3388975155279503 0.10766045548654243 0.027950310559006226 0.04140786749482404
1 0.38024068322981364 0.10662525879917183 0.033773291925465826 0.03105590062111803
1 0.421001552795031 0.10662525879917183 0.022127329192546626 0.03933747412008282
1 0.46176242236024834 0.10248447204968944 0.04076086956521742 0.03519668737060041
1 0.5176630434782608 0.10559006211180125 0.0570652173913043 0.03312629399585923
1 0.5718167701863354 0.11180124223602483 0.04192546583850927 0.0372670807453416
1 0.6131599378881988 0.10869565217391304 0.029114906832298146 0.03519668737060042
1 0.654503105590062 0.10869565217391304 0.04192546583850927 0.02691511387163562
1 0.7069099378881987 0.10869565217391304 0.05590062111801245 0.02691511387163562
