1 0.5707620528771384 0.3248660791429065 0.3950233281493002 0.22395023328149297
1 0.4385692068429238 0.5087264558493174 0.13063763608087092 0.06082598928633139
1 0.5171073094867807 0.5861413513046483 0.2908242612752722 0.07741489545533092
1 0.5660964230171072 0.7465007776049767 0.39191290824261266 0.23224468636599283
1 0.8538102643856921 0.257128045619492 0.12130637636080877 0.06082598928633146
1 0.8732503888024883 0.32763089683773977 0.17262830482115116 0.06359080698116475
1 0.8615863141524105 0.3856920684292379 0.13063763608087087 0.04147226542249861
1 0.8701399688958008 0.4907551408329013 0.14774494556765164 0.05806117159149814
1 0.8390357698289269 0.543277121763626 0.10419906687402801 0.03041299464316573
1 0.8841368584758943 0.6289960255745637 0.18506998444790043 0.10782789009849651
1 0.8786936236391912 0.7478831864523933 0.17729393468118204 0.10782789009849665
0 0.20995334370139965 0.4810782789009849 0.30793157076205285 0.3760152064973215
