1 0.36576353116502963 0.12382739212007504 0.7172996316202364 0.08630393996247655
0 0.4452000192948739 0.6716697936210132 0.5015169325212563 0.4840525328330207
1 0.10966977838821794 0.21857410881801126 0.21696831832479874 0.03564727954971857
1 0.443421590456146 0.326454033771107 0.5287861747150832 0.09380863039399621
0 0.07410120161366077 0.3818011257035647 0.11737630335603866 0.12195121951219512
0 0.07469401122657005 0.8517823639774857 0.14227430709822866 0.12757973733583483
1 0.07528682083947934 0.4859287054409005 0.1410886878724101 0.06378986866791742
1 0.07469401122657005 0.7232645403377111 0.14227430709822866 0.06566604127579737
1 0.06698748625874934 0.9596622889305817 0.1292324956142244 0.06566604127579737
1 0.4404575423915996 0.9709193245778613 0.5441992246507247 0.04315196998123824
1 0.8981065635575686 0.6819887429643527 0.15768735703387007 0.04690431519699814
1 0.8986993731704779 0.7607879924953096 0.1683579300662373 0.04690431519699814
1 0.9019273775256952 0.8435272016400021 0.1866652110884594 0.06529081247984578
1 0.7819158794273484 0.3649155722326454 0.08655020348475574 0.03564727954971857
0 0.8666876540733764 0.5140712945590995 0.25372251432517445 0.23264540337711068
0 0.7718381160078905 0.6857410881801126 0.07587963045238866 0.06566604127579723
0 0.7712453063949812 0.7673545966228892 0.07232277277493282 0.06378986866791748
0 0.7706524967820719 0.847091932457786 0.07350839200075143 0.06941838649155713
0 0.86372360600883 0.18667917448405255 0.2572793720026303 0.2532833020637899
1 0.09603515729130435 0.026266416510318955 0.10670573032367152 0.05253283302063791
1 0.21933955677643588 0.03189493433395873 0.03319733832292005 0.037523452157598496
1 0.2768420892286366 0.029080675422138835 0.041496672903649987 0.024390243902439025
1 0.34679362355193233 0.029080675422138835 0.0818077265814815 0.024390243902439025
1 0.42445168284304885 0.030018761726078803 0.05453848438765441 0.026266416510318948
1 0.4813614056823404 0.03189493433395873 0.049796007484380095 0.0300187617260788
1 0.5388639381345411 0.030018761726078803 0.04623914980692433 0.033771106941838644
