1 0.06516853932584268 0.13083645443196004 0.07191011235955055 0.021972534332084875
1 0.04662921348314606 0.16279650436953808 0.028089887640449437 0.01797752808988763
1 0.04887640449438201 0.1947565543071161 0.04382022471910112 0.021972534332084914
1 0.062359550561797754 0.23071161048689137 0.06404494382022471 0.02596754057428214
1 0.051123595505617986 0.264669163545568 0.04157303370786518 0.021972534332084914
1 0.07808988764044944 0.29862671660424467 0.09101123595505617 0.02996254681647944
1 0.060674157303370786 0.33058676654182273 0.05617977528089888 0.029962546816479366
1 0.05898876404494382 0.36554307116104867 0.057303370786516844 0.019975031210986247
1 0.06235955056179774 0.39250936329588015 0.06179775280898875 0.02596754057428214
1 0.2601123595505618 0.11186017478152309 0.08876404494382026 0.03995006242197254
1 0.250561797752809 0.18876404494382024 0.04494382022471914 0.03395755305867667
1 0.4792134831460675 0.18876404494382024 0.08202247191011232 0.03395755305867667
0 0.7657303370786517 0.31161048689138576 0.151685393258427 0.35555555555555557
1 0.24382022471910111 0.23370786516853934 0.04269662921348317 0.03196004993757803
1 0.4685393258426966 0.2347066167290886 0.3752808988764044 0.04594257178526842
1 0.4735955056179775 0.3695380774032459 0.38764044943820225 0.20374531835205997
1 0.2421348314606742 0.37453183520599254 0.037078651685393246 0.029962546816479405
1 0.2443820224719101 0.5233458177278402 0.05056179775280896 0.027965043695380772
1 0.4842696629213484 0.529338327091136 0.40224719101123596 0.07590511860174778
1 0.23988764044943822 0.59625468164794 0.03707865168539328 0.021972534332084948
1 0.4792134831460673 0.5972534332084893 0.39887640449438194 0.055930087390761545
1 0.2348314606741573 0.6861423220973782 0.04494382022471907 0.02596754057428214
1 0.4808988764044944 0.6971285892634208 0.39775280898876403 0.12384519350811488
1 0.23876404494382023 0.8019975031210987 0.04382022471910112 0.029962546816479543
1 0.48258426966292134 0.8069912609238452 0.41235955056179785 0.0719101123595506
1 0.24157303370786515 0.8749063670411985 0.04494382022471907 0.0319600499375781
1 0.4853932584269663 0.8779026217228466 0.4202247191011236 0.05792759051186024
1 0.46910112359550565 0.9238451935081149 0.38764044943820225 0.021972534332084875
