1 0.37273242630385484 0.2675736961451247 0.5725623582766439 0.14512471655328796
1 0.21116780045351471 0.3639455782312925 0.2579365079365079 0.03401360544217688
1 0.4485544217687075 0.5238095238095238 0.4577664399092971 0.15873015873015872
1 0.14668367346938774 0.5861678004535148 0.11763038548752835 0.06575963718820865
1 0.1530612244897959 0.4977324263038549 0.12471655328798184 0.0884353741496598
0 0.1516439909297052 0.6916099773242631 0.11337868480725621 0.09977324263038553
1 0.14526643990929705 0.7789115646258503 0.11196145124716553 0.052154195011337806
0 0.15093537414965985 0.891156462585034 0.11763038548752833 0.09070294784580497
0 0.43650793650793646 0.8038548752834467 0.41099773242630383 0.2698412698412699
1 0.8375850340136054 0.6984126984126985 0.1615646258503402 0.05895691609977334
1 0.8290816326530611 0.7709750566893425 0.13605442176870752 0.04535147392290242
1 0.8142006802721088 0.8321995464852607 0.10629251700680285 0.02721088435374156
0 0.7213718820861678 0.7074829931972789 0.051020408163265356 0.04988662131519277
0 0.7263321995464852 0.772108843537415 0.05810657596371883 0.04761904761904745
0 0.7263321995464852 0.8390022675736961 0.05527210884353735 0.04988662131519277
0 0.802154195011338 0.5714285714285714 0.20124716553287983 0.18594104308390022
1 0.7596371882086168 0.4444444444444444 0.13321995464852607 0.027210884353741492
1 0.8120748299319729 0.2108843537414966 0.1842403628117914 0.05895691609977323
1 0.792233560090703 0.2891156462585034 0.13038548752834472 0.07936507936507936
1 0.8453798185941043 0.36281179138321995 0.06660997732426295 0.040816326530612346
1 0.15589569160997732 0.41950113378684806 0.11337868480725621 0.022675736961451278
1 0.2062074829931973 0.1655328798185941 0.06944444444444439 0.018140589569160977
1 0.2848639455782313 0.163265306122449 0.05668934240362813 0.022675736961451226
1 0.36139455782312924 0.16099773242630383 0.07086167800453516 0.03174603174603174
1 0.45634920634920634 0.163265306122449 0.07936507936507936 0.03628117913832199
1 0.5428004535147392 0.16553287981859413 0.059523809523809416 0.040816326530612235
