1 0.536547433903577 0.2958354933471574 0.432348367029549 0.13824088474166238
1 0.41912908242612756 0.3939769662426306 0.17262830482115085 0.058061171591498206
1 0.40979782270606535 0.4727838258164852 0.17262830482115085 0.06082598928633146
1 0.447900466562986 0.565405218593399 0.23950233281493 0.07465007776049774
1 0.46345256609642305 0.7354415068256438 0.2737169517884914 0.2377743217556592
1 0.8312597200622085 0.2626576810091585 0.11041990668740269 0.07188526006566445
1 0.8654743390357694 0.38434429743958454 0.1788491446345252 0.15490862189729493
1 0.8678071539657853 0.5833765336098151 0.15552099533437017 0.1050630724036634
1 0.8398133748055987 0.6704682909970623 0.1026438569206843 0.0525315362018317
1 0.8740279937791601 0.7409711422153101 0.18662519440124428 0.11059270779332991
1 0.875583203732504 0.8916799835792666 0.16174183514774484 0.11888716087782968
0 0.14852255054432348 0.42716433385173663 0.22861586314152413 0.35113184724382235
0 0.16796267496111972 0.7630681844139852 0.25194401244167963 0.16035942630032834
