1 0.28146067415730336 0.22671660424469411 0.14269662921348314 0.05393258426966291
1 0.06741573033707865 0.26666666666666666 0.08089887640449439 0.04194756554307119
1 0.05 0.30262172284644195 0.039325842696629205 0.021972534332084914
1 0.08595505617977528 0.33757802746566795 0.11123595505617978 0.023970037453183508
1 0.059550561797752796 0.37053682896379525 0.05617977528089886 0.021972534332084875
1 0.07359550561797752 0.4034956304619226 0.08202247191011235 0.027965043695380772
1 0.08651685393258428 0.43945068664169784 0.10112359550561799 0.03196004993757803
1 0.0848314606741573 0.4694132334581772 0.1089887640449438 0.027965043695380772
1 0.08876404494382023 0.500374531835206 0.10786516853932585 0.029962546816479405
1 0.10561797752808989 0.5383270911360799 0.1438202247191011 0.03395755305867667
1 0.052247191011235955 0.5722846441947566 0.041573033707865165 0.01398252184769035
1 0.060112359550561795 0.6012484394506866 0.050561797752808994 0.03595505617977523
1 0.051123595505617986 0.631210986267166 0.04157303370786518 0.02397003745318358
1 0.058988764044943826 0.6671660424469414 0.04831460674157304 0.019975031210986316
1 0.06685393258426967 0.7001248439450686 0.06404494382022471 0.029962546816479262
1 0.06123595505617978 0.7320848938826466 0.06179775280898877 0.029962546816479405
1 0.2303370786516854 0.27365792759051183 0.03146067415730336 0.01198501872659179
1 0.2584269662921348 0.27166042446941324 0.022471910112359553 0.023970037453183473
1 0.6808988764044943 0.267665418227216 0.029213483146067462 0.01997503121098628
1 0.7230337078651685 0.2706616729088639 0.04382022471910119 0.033957553058676704
1 0.7814606741573032 0.267665418227216 0.04606741573033716 0.031960049937578
1 0.8219101123595506 0.26566791510611737 0.01910112359550567 0.023970037453183542
1 0.2893258426966292 0.30761548064918853 0.14943820224719098 0.03196004993757803
1 0.4578651685393258 0.366541822721598 0.4573033707865168 0.06192259675405744
1 0.4348314606741573 0.46242197253433204 0.447191011235955 0.13383270911360795
1 0.4370786516853933 0.6811485642946318 0.44719101123595506 0.28364544319600504
1 0.4359550561797752 0.8888888888888888 0.43370786516853926 0.10786516853932582
1 0.754494382022472 0.4234706616729089 0.07528089887640448 0.023970037453183508
0 0.7567415730337079 0.5972534332084893 0.16741573033707852 0.33558052434456925
