0 0.2508342602892102 0.4775676677790136 0.2769744160177975 0.48448893832653556
1 0.24805339265850945 0.7801260659992585 0.3025583982202447 0.09294277592386607
1 0.6612903225806451 0.28278333951303913 0.510567296996663 0.06723519960449881
1 0.4788654060066741 0.33123223334569274 0.1523915461624027 0.017797552836484983
1 0.482202447163515 0.3875911506612285 0.156840934371524 0.06723519960449878
1 0.4543937708565072 0.4370287974292424 0.09899888765294769 0.027685082190087727
1 0.44438264738598443 0.47460140897293285 0.08120133481646277 0.027685082190087727
1 0.6201334816462737 0.5744654554443208 0.4371523915461624 0.16413298726980594
1 0.42880978865406005 0.7010258311704363 0.04115684093437153 0.029662588060808303
1 0.5923248053392659 0.6970708194289952 0.2502780867630702 0.04548263502657264
1 0.5344827586206897 0.7415647015202077 0.1145717463848721 0.0237300704486465
1 0.41935483870967744 0.8671363243109629 0.024471635150166905 0.02570757631936715
0 0.5255839822024471 0.8661475713756025 0.11234705228031139 0.09887529353602773
1 0.7452725250278087 0.11963910517859348 0.3136818687430478 0.04943764676801383
