1 0.5260548024616969 0.2842942345924453 0.19691891001239994 0.03578528827037772
1 0.5218351115328597 0.3379721669980119 0.4754185113156511 0.06759443339960239
1 0.7103146396875853 0.4393638170974155 0.16597450986759413 0.01988071570576544
1 0.403801829894571 0.524994779118593 0.37533056713658974 0.1979178428166143
1 0.674472911964227 0.4602123924234641 0.12270422387157737 0.01734331612310541
1 0.6881869134557563 0.48367687894295963 0.16745517610709384 0.02142409638736552
1 0.6658114373379981 0.5086716580615527 0.12270422387157737 0.020403901321300422
1 0.6520974358464688 0.5321361445810483 0.08661474626228995 0.018363511189170297
1 0.691795861216685 0.5556006311005437 0.15735012237649343 0.020403901321300422
1 0.6845779656948275 0.5795752151530718 0.14291433133277834 0.01734331612310534
1 0.5243406851095911 0.6994481354157119 0.604859644731658 0.1469080895133633
1 0.8513113522497356 0.8473764199951401 0.0317587402961729 0.02244429145343062
