1 0.15663819875776397 0.12629399585921325 0.18051242236024845 0.03726708074534162
1 0.2387422360248447 0.16873706004140787 0.3214285714285714 0.031055900621117995
1 0.22826086956521735 0.21014492753623187 0.2911490683229813 0.031055900621118012
1 0.19274068322981364 0.2546583850931677 0.2317546583850931 0.04140786749482405
1 0.25388198757763975 0.3033126293995859 0.35636645962732916 0.0476190476190477
1 0.2631987577639751 0.3954451345755693 0.3936335403726708 0.07039337474120082
1 0.26378105590062106 0.49378881987577644 0.3784937888198758 0.10973084886128355
1 0.22651397515527946 0.6086956521739131 0.29930124223602483 0.06625258799171839
1 0.27950310559006203 0.7111801242236025 0.4122670807453415 0.10973084886128362
1 0.25854037267080743 0.818840579710145 0.37034161490683226 0.07246376811594203
1 0.264363354037267 0.9026915113871635 0.38198757763975144 0.06625258799171832
1 0.7901785714285714 0.43064182194616973 0.19448757763975152 0.09109730848861275
1 0.7907608695652173 0.12422360248447205 0.1863354037267081 0.09523809523809526
1 0.7872670807453416 0.7443064182194619 0.18400621118012425 0.07246376811594203
0 0.7884316770186335 0.8706004140786748 0.19099378881987575 0.1469979296066252
0 0.7925077639751552 0.6024844720496895 0.19448757763975152 0.19047619047619052
0 0.7925077639751552 0.28467908902691513 0.19215838509316768 0.2008281573498965
