1 0.619751166407465 0.24606399720460548 0.24727838258164853 0.12165197857266287
1 0.5598755832037325 0.33177812337998963 0.11508553654743395 0.04423708311733197
1 0.6088646967340591 0.4423684423555428 0.22550544323483662 0.1050630724036634
1 0.6205287713841369 0.5114912735441507 0.22706065318818056 0.027648176948332548
1 0.6306376360808705 0.5653992465489571 0.25038880248833595 0.05804922750261452
1 0.5427682737169518 0.6137895282529808 0.07153965785381039 0.022118541558665966
1 0.6368584758942457 0.7534128218420598 0.2597200622083982 0.22947986867115958
1 0.5598755832037325 0.9082426127527217 0.08709175738724731 0.052531536201831555
1 0.8755832037325039 0.22671505097632624 0.17107309486780722 0.055296353896664915
1 0.8818040435458786 0.29859553340643713 0.18351477449455672 0.07741489545533088
1 0.859253499222395 0.37325038880248834 0.1384136858475895 0.06082598928633149
1 0.8654743390357699 0.4548125108000691 0.16329704510108856 0.08570934853983068
1 0.8405909797822706 0.5266977708657335 0.10730948678071542 0.03594263003283231
1 0.880248833592535 0.5985686980247373 0.19284603421461896 0.10782789009849651
1 0.858475894245723 0.6912044237083117 0.13063763608087087 0.01658890616899953
1 0.8942457231726283 0.8031795403490583 0.19595645412130636 0.15206497321582846
0 0.2698289269051322 0.5557283566614827 0.43701399688958015 0.7852082253326421
