1 0.5293350731472527 0.26916058394160586 0.27886920926782083 0.052919708029197106
1 0.5125512781450228 0.32208029197080296 0.4983496054508281 0.03467153284671532
1 0.7207538895491007 0.4381962850306083 0.17053226507026245 0.02060123832313053
1 0.683586601008146 0.4624027400602867 0.13700882834704836 0.017511052574660936
1 0.6806718382752149 0.605581346406044 0.13700882834704836 0.017511052574660936
1 0.6886874357907744 0.5839500461667553 0.15012526064523782 0.01751105257466088
1 0.680671838275215 0.5592285601790002 0.13700882834704836 0.017511052574660936
1 0.6777570755422841 0.5345070741912434 0.13700882834704836 0.017511052574660936
1 0.6821292196416805 0.5056653405388609 0.13700882834704836 0.017511052574660936
1 0.6835866010081459 0.4871242260480433 0.13700882834704836 0.017511052574660936
1 0.3833336893082091 0.521631300239287 0.39936615922437513 0.20601238323130544
1 0.520686967696326 0.7548712070941668 0.6658034381049902 0.1689087289618145
