1 0.5174751156361495 0.23260437375745532 0.20895669752528603 0.05168986083499003
1 0.5248500579017478 0.30318091451292256 0.41053845278497364 0.08151093439363823
1 0.4007051964308427 0.5298210735586483 0.3982468823423099 0.2405566600397615
1 0.7288901272499683 0.42842942345924456 0.17454030028582707 0.017892644135188932
1 0.6944737300105095 0.45825049701789267 0.14504053122343386 0.021868787276341946
1 0.7165985568073044 0.48707753479125254 0.18929018481702378 0.03578528827037772
1 0.6870987877449112 0.532803180914513 0.14012390304636832 0.03976143141153074
1 0.7227443420286364 0.5666003976143142 0.2163316397908843 0.023856858846918457
1 0.699390358187575 0.6053677932405567 0.1696236721087616 0.04174950298210746
1 0.5187042726804159 0.6978131212723659 0.6391616630185218 0.08747514910536779
1 0.5273083719902806 0.8200795228628232 0.6416199771070547 0.15308151093439362
1 0.8874513859603322 0.9304174950298213 0.029499769062393426 0.01988071570576537
