1 0.25621118012422356 0.11594202898550723 0.3796583850931677 0.06211180124223601
1 0.2602872670807453 0.17908902691511386 0.37150621118012417 0.031055900621117977
1 0.2789208074534161 0.2608695652173913 0.40877329192546574 0.09937888198757762
1 0.264945652173913 0.3695652173913044 0.38315217391304346 0.07660455486542446
1 0.2532996894409938 0.45031055900621114 0.3552018633540372 0.06418219461697725
0 0.33715062111801236 0.717391304347826 0.5298913043478259 0.42028985507246375
1 0.7861024844720496 0.48136645962732916 0.20031055900621125 0.08074534161490682
1 0.7849378881987576 0.7763975155279502 0.17934782608695643 0.07453416149068331
1 0.7925077639751552 0.14803312629399587 0.1991459627329192 0.08902691511387165
0 0.7895962732919254 0.3405797101449275 0.1933229813664596 0.18012422360248442
0 0.7919254658385093 0.6273291925465838 0.19798136645962727 0.17391304347826086
0 0.7942546583850931 0.8944099378881988 0.2049689440993788 0.1118012422360249
