1 0.3460146561646455 0.1510934393638171 0.461352874886194 0.023856858846918492
1 0.471198820386814 0.21570576540755468 0.6160748756102224 0.08946322067594434
1 0.30100461959038266 0.2842942345924453 0.27006021944557695 0.023856858846918527
1 0.4740119476727054 0.32902584493041753 0.5991961118948739 0.037773359840954264
1 0.30663087416216556 0.37077534791252487 0.26443396487379417 0.025844930417495037
1 0.4754185113156511 0.4831013916500994 0.6020092391807653 0.18687872763419486
1 0.3249162015204598 0.599403578528827 0.3066308741621655 0.02186878727634202
1 0.47823163860154255 0.6630218687872762 0.6076354937525482 0.09741550695825048
1 0.2588077103020113 0.7306163021868787 0.17441389172526847 0.033797216699801284
1 0.4754185113156511 0.7922465208747514 0.6076354937525482 0.07355864811133216
