1 0.3432015288787541 0.14910536779324057 0.4501003657426284 0.023856858846918492
1 0.471198820386814 0.19781312127236583 0.6160748756102224 0.04970178926441353
1 0.4796382022444882 0.2514910536779324 0.6104486210384397 0.049701789264413494
1 0.33757527430697126 0.30218687872763417 0.33757527430697126 0.027833001988071544
1 0.4796382022444882 0.3658051689860835 0.6160748756102224 0.09145129224652088
1 0.4852644568162707 0.42942345924453257 0.5879436027513079 0.0357852882703774
1 0.4852644568162711 0.4701789264413519 0.6048223664666568 0.04572564612326047
1 0.4838578931733254 0.5437375745526839 0.5851304754654167 0.09741550695825055
1 0.3994640745965826 0.6222664015904573 0.45010036574262835 0.031809145129224774
1 0.47823163860154255 0.6928429423459244 0.6076354937525482 0.10536779324055673
1 0.4782390578383407 0.7892644135188864 0.6076206552789526 0.07952286282306172
