1 0.06741573033707865 0.1278401997503121 0.08314606741573033 0.027965043695380772
1 0.04606741573033707 0.16479400749063672 0.03595505617977528 0.03395755305867668
1 0.049438202247191004 0.19875156054931334 0.03595505617977528 0.02596754057428214
1 0.07247191011235955 0.2317103620474407 0.07752808988764044 0.023970037453183508
1 0.054494382022471914 0.2636704119850187 0.050561797752808994 0.01598002496878905
1 0.050561797752808994 0.2956304619225968 0.035955056179775284 0.023970037453183542
1 0.052808988764044947 0.32958801498127344 0.042696629213483155 0.031960049937578
1 0.06179775280898876 0.366541822721598 0.06292134831460673 0.021972534332084875
1 0.05168539325842696 0.39650436953807744 0.04269662921348314 0.021972534332084948
1 0.07808988764044944 0.42946317103620474 0.0955056179775281 0.027965043695380772
1 0.054494382022471914 0.46441947565543074 0.03932584269662922 0.017977528089887684
1 0.058426966292134834 0.49737827715355803 0.06292134831460676 0.027965043695380772
1 0.0646067415730337 0.5313358302122347 0.07303370786516852 0.027965043695380772
1 0.06292134831460673 0.5662921348314607 0.058426966292134834 0.03395755305867667
1 0.4247191011235955 0.18277153558052434 0.4292134831460674 0.17378277153558053
1 0.4247191011235955 0.37153558052434454 0.4202247191011236 0.17578027465667914
1 0.4235955056179775 0.5383211061080017 0.41573033707865165 0.14581772784019967
1 0.24101123595505616 0.6362047440699126 0.061797752808988735 0.03395755305867667
1 0.3022471910112359 0.6791510611735331 0.14157303370786514 0.02796504369538084
1 0.3241573033707866 0.7260923845193509 0.2191011235955056 0.02596754057428214
0 0.3359550561797753 0.8279650436953807 0.08764044943820228 0.17378277153558044
0 0.42415730337078655 0.82896379525593 0.08651685393258425 0.175780274656679
0 0.5146067415730338 0.8269662921348315 0.08764044943820223 0.17178526841448188
0 0.7174157303370788 0.14282147315855181 0.14269662921348314 0.11785268414481896
0 0.8011235955056176 0.11785118788779943 0.033707865168539256 0.05992509363295881
0 0.8 0.20574282147315856 0.020224719101123584 0.10786516853932587
1 0.6595505617977528 0.30162297128589266 0.03595505617977537 0.04794007490636705
1 0.7241573033707865 0.2906367041198502 0.04606741573033716 0.02596754057428214
1 0.6685393258426967 0.35355057114935917 0.05168539325842701 0.06392009987515607
1 0.6707865168539325 0.39250936329588015 0.058426966292134924 0.017977528089887614
1 0.7432584269662921 0.33957553058676654 0.08426966292134835 0.01598002496878905
1 0.7595505617977528 0.3645443196004994 0.11910112359550552 0.021972534332084875
1 0.7696629213483146 0.40249687890137326 0.13258426966292133 0.03395755305867674
1 0.6668539325842695 0.43945068664169784 0.0505617977528091 0.03196004993757803
1 0.7657303370786517 0.4484394506866417 0.1269662921348315 0.03795255930087393
1 0.6589887640449439 0.4883895131086142 0.03707865168539328 0.029962546816479405
1 0.7280898876404496 0.4873907615480649 0.05168539325842701 0.019975031210986316
1 0.6674157303370787 0.5183520599250936 0.053932584269662985 0.021972534332084875
1 0.7308988764044944 0.5363295880149813 0.05955056179775284 0.05792759051186024
1 0.6657303370786516 0.5862671660424469 0.04382022471910105 0.02996254681647933
1 0.7432584269662922 0.5932584269662922 0.08651685393258432 0.04394506866416975
1 0.6606741573033708 0.6292134831460674 0.03820224719101134 0.019975031210986316
1 0.7421348314606742 0.6421972534332084 0.08651685393258418 0.03795255930087393
1 0.6617977528089887 0.6771535580524345 0.040449438202247306 0.02397003745318358
1 0.7370786516853931 0.7220973782771536 0.07415730337078642 0.10187265917602986
1 0.6606741573033708 0.7890137328339576 0.03820224719101134 0.019975031210986174
1 0.7578651685393258 0.7920099875156055 0.12022471910112359 0.021972534332084875
1 0.6578651685393259 0.8159800249687891 0.03258426966292149 0.017977528089887614
1 0.7556179775280899 0.8199750312109861 0.10898876404494388 0.021972534332085018
1 0.6561797752808988 0.8419475655430712 0.029213483146067462 0.017977528089887757
1 0.7685393258426967 0.8569288389513108 0.14157303370786523 0.03995006242197249
1 0.6662921348314605 0.8898876404494382 0.05393258426966291 0.017977528089887614
1 0.7337078651685394 0.8938826466916354 0.06741573033707865 0.021972534332084875
1 0.6674157303370785 0.9198501872659176 0.05168539325842701 0.017977528089887757
1 0.7213483146067416 0.9208474425694473 0.04494382022471911 0.01598002496878905
