1 0.6404494382022472 0.2826466916354557 0.4786516853932584 0.06192259675405744
1 0.4691011235955056 0.3495630461922597 0.12921348314606745 0.06392009987515607
1 0.5292134831460674 0.4084893882646692 0.2449438202247191 0.03795255930087386
1 0.42134831460674166 0.4833957553058677 0.0359550561797753 0.023970037453183508
1 0.500561797752809 0.5792759051186017 0.20112359550561798 0.023970037453183508
0 0.2612359550561798 0.47640449438202237 0.24831460674157305 0.4774032459425717
1 0.22640449438202245 0.7820224719101124 0.3449438202247191 0.07390761548064916
1 0.4438202247191012 0.6332084893882647 0.07191011235955053 0.02397003745318344
1 0.6224719101123596 0.7350811485642947 0.4449438202247191 0.1637952559300875
1 0.47865168539325836 0.8948813982521848 0.1573033707865168 0.0878901373283395
1 0.7988764044943821 0.8649188514357055 0.20224719101123598 0.03995006242197263
0 0.6556179775280898 0.5203495630461923 0.37865168539325844 0.08988764044943828
1 0.7426966292134831 0.11585518102372035 0.3191011235955056 0.05193508114856428
