0 0.24972191323692988 0.4765789148436535 0.27030033370411566 0.478556420714374
1 0.6596218020022246 0.27487331603015697 0.5116796440489432 0.05537016438017552
1 0.5161290322580645 0.3292547274749722 0.2202447163515017 0.025707576319367185
1 0.4666295884315906 0.38363613891978743 0.12347052280311452 0.0632801878630577
1 0.5022246941045606 0.43406253862316146 0.19466073414905444 0.02570757631936722
1 0.44605116796440486 0.46372512668396987 0.0845383759733037 0.021752564577926136
1 0.6240266963292548 0.5734767025089605 0.4404894327030034 0.15029044617476203
1 0.4265850945494995 0.6980595723643555 0.034482758620689606 0.027685082190087796
1 0.592880978865406 0.6960820664936349 0.23136818687430483 0.035595105672969966
1 0.5350389321468298 0.7316771721666049 0.12013348164627359 0.027685082190087796
1 0.42324805339265853 0.8345074774440736 0.03893214682981089 0.01977505870720563
0 0.5595105672969968 0.8503275244098382 0.16907675194660732 0.07119021134594007
1 0.7363737486095662 0.8414287479915956 0.14460511679644056 0.06525769373377827
1 0.5300333704115684 0.9225064886911383 0.24805339265850954 0.03757261154369047
1 0.768075639599555 0.9195402298850576 0.20133481646273652 0.03164009393152881
1 0.7385984427141267 0.11568409343715239 0.318131256952169 0.05734767025089603
1 0.24694104560622915 0.7811148189346188 0.3047830923248053 0.07119021134593993
