1 0.4792313664596273 0.13871635610766045 0.49961180124223603 0.09937888198757766
1 0.2515527950310558 0.2277432712215321 0.18400621118012417 0.03312629399585923
1 0.6667313664596273 0.2267080745341615 0.026785714285714163 0.035196687370600444
1 0.703416149068323 0.2277432712215321 0.03493788819875775 0.041407867494824016
1 0.734277950310559 0.22877846790890266 0.019798136645962784 0.03933747412008284
1 0.7587344720496892 0.2329192546583851 0.017468944099378946 0.043478260869565195
1 0.7901785714285714 0.2329192546583851 0.03610248447204967 0.043478260869565195
1 0.18982919254658384 0.29399585921325055 0.04658385093167702 0.020703933747412043
1 0.3761645962732919 0.37060041407867494 0.41692546583850926 0.11594202898550719
1 0.46700310559006214 0.6004140786749482 0.21894409937888207 0.30227743271221535
1 0.36859472049689435 0.800207039337474 0.4390527950310559 0.08902691511387176
1 0.36451863354037256 0.8944099378881987 0.4332298136645962 0.062111801242236024
0 0.2532996894409938 0.5745341614906831 0.20613354037267076 0.28364389233954446
0 0.7005046583850931 0.4565217391304348 0.21079192546583847 0.31677018633540377
0 0.7028338509316769 0.7722567287784678 0.20613354037267073 0.30227743271221535
