0 0.25660964230171074 0.5847589424572317 0.35769828926905134 0.716087782961811
1 0.6275272161741835 0.4022809745982374 0.2752721617418352 0.3621911180231554
1 0.6127527216174183 0.6276112279093704 0.223950233281493 0.08847416623466393
1 0.6073094867807154 0.6994988767928114 0.26283048211508553 0.038707447727665566
1 0.6267496111975115 0.861274155389431 0.2550544323483672 0.135476067046829
1 0.5295489891135303 0.9483324693278038 0.06998444790046655 0.049766718506998445
1 0.8709175738724728 0.27509936063590806 0.17418351477449448 0.07465007776049766
1 0.8849144634525661 0.3497398831252987 0.18973561430793168 0.06359080698116465
1 0.8678071539657853 0.4271643338517366 0.14618973561430793 0.04147226542249875
1 0.8888024883359253 0.5170209089338172 0.2006220839813375 0.07741489545533092
1 0.8615863141524106 0.5819941247623985 0.15552099533437003 0.03594263003283217
1 0.8771384136858476 0.682909970623812 0.17418351477449448 0.1050630724036634
1 0.8771384136858476 0.7838210388496719 0.19906687402799383 0.10783744536960374
1 0.8367029548989113 0.8722999827198893 0.11819595645412136 0.04147226542249868
1 0.8786936236391912 0.947900466562986 0.1897356143079314 0.10419906687402801
