1 0.4938105605566521 0.17908902691511389 0.5147950341567825 0.13871635610766048
1 0.7278726708074532 0.2815734989648033 0.04192546583850927 0.033126293995859195
1 0.7674689440993788 0.2805383022774327 0.025621118012422384 0.03933747412008284
1 0.797166149068323 0.2784679089026916 0.012810559006211121 0.043478260869565195
1 0.3057655648514037 0.2774327122153209 0.3064069061003233 0.024844720496894356
1 0.1863354037267081 0.3457556935817805 0.04425465838509315 0.02484472049689444
1 0.36859472049689435 0.40683229813664595 0.4180900621118013 0.09316770186335405
1 0.46933229813664595 0.5693581780538303 0.2142857142857143 0.18219461697722558
1 0.4757375776397515 0.7391304347826088 0.22010869565217392 0.11180124223602476
1 0.3657672174966269 0.8519668737060039 0.4380561741236891 0.12629399585921347
1 0.25275263409229376 0.6004140786749462 0.20038195997919334 0.25672877846791
1 0.20614864442464778 0.7639751552795029 0.09319790996730787 0.04554865424430508
0 0.6964285714285714 0.4968944099378882 0.2305900621118012 0.31469979296066264
0 0.6446216586610538 0.7981366459627328 0.10135511856434377 0.12215320910973054
0 0.7575698757763973 0.8022774327122153 0.10597826086956516 0.11801242236024834
1 0.6207298136645963 0.7049689440993788 0.051242236024844845 0.031055900621118012
