1 0.6412626062517617 0.1478554623876456 0.5569701837993669 0.01658925016589249
1 0.5601729834231237 0.19008264462809926 0.6850093065118651 0.031670386680340244
1 0.5313623592568674 0.2232611449598842 0.6060518475058244 0.01960547746878202
1 0.5270907453878957 0.2873559751462872 0.6060518475058247 0.027146045726005853
1 0.5334981661913532 0.2594558725945588 0.6060518475058244 0.01960547746878202
1 0.5334981661913533 0.24135850877722148 0.6060518475058244 0.01960547746878202
1 0.5527022130422837 0.3333534415153526 0.6914112626474901 0.05881643240634613
1 0.555903191110096 0.3951861012245883 0.7575648093822805 0.06484888701212527
1 0.5463294018017669 0.4494781926766005 0.7383589409754056 0.04373529589189826
1 0.539898300771034 0.542981239066176 0.6615354673479072 0.12818966037280569
1 0.3841173681374945 0.6206490921155818 0.36277751435207806 0.02111359112022683
1 0.5174914542963467 0.6847439223019848 0.7276890140826977 0.0829462508294624
1 0.3531745801486407 0.7367738432768292 0.2923559968602041 0.021113591120226687
1 0.417248788183218 0.8227363214091828 0.4119611851914147 0.02111359112022672
1 0.3531745801486403 0.8008375140902682 0.2923559968602037 0.01363534160892973
1 0.3489029662796689 0.7835253664716171 0.2923559968602041 0.021113591120226687
1 0.35531038708312673 0.7609036616999458 0.2923559968602041 0.021113591120226687
