1 0.5458786936236392 0.21563905847255588 0.43856920684292366 0.13824088474166232
1 0.4494556765163297 0.32624848799032313 0.23950233281493005 0.06635562467599794
1 0.44556765163297046 0.3856920684292379 0.24727838258164858 0.052531536201831625
1 0.3926905132192847 0.48521236694546255 0.13219284603421463 0.06356452998562011
1 0.3841368584758942 0.569552445135649 0.10886469673405905 0.02764817694833248
1 0.4650077760497667 0.7257646448937273 0.2799377916018662 0.22947986867115952
1 0.8351477449455676 0.1949196474857439 0.08398133748055983 0.06359080698116468
1 0.8802488335925349 0.31518921721099014 0.16485225505443238 0.1437705201313288
1 0.8569206842923794 0.4147107101361032 0.12130637636080879 0.027648176948332406
1 0.8732503888024881 0.5073285196863521 0.1601866251944012 0.10779683546739843
1 0.8359253499222394 0.5806117159149818 0.08242612752721612 0.022118541558665966
1 0.8895800933125971 0.6718506998444791 0.1928460342146191 0.11612234318299641
1 0.8569206842923793 0.740961586944203 0.11819595645412122 0.044237083117331794
1 0.8802488335925349 0.811473993433558 0.18040435458786944 0.08017971315016424
0 0.13608087091757387 0.3903000908893317 0.27216174183514774 0.46909741628596424
