1 0.35023434709348267 0.14314115308151096 0.4529134930285197 0.02783300198807156
1 0.47823163860154255 0.21669980119284296 0.6188880028961139 0.09145129224652092
1 0.289752110446817 0.2912524850894632 0.2531814557302284 0.02982107355864816
1 0.47682507495859683 0.3538767395626243 0.6160748756102224 0.08747514910536776
0 0.2770930376603056 0.48409542743538764 0.16597450986759418 0.0894632206759443
0 0.4838578931733254 0.4940357852882704 0.15753512800991992 0.08151093439363813
0 0.6864030577575082 0.4900596421471172 0.16878763715348563 0.06163021868787275
1 0.4754185113156511 0.5487077534791253 0.3769590563094512 0.01988071570576544
1 0.2714667830885227 0.6063618290258449 0.16597450986759418 0.09145129224652088
1 0.4838578931733254 0.6192842942345925 0.19129265544061702 0.12127236580516901
1 0.6793702395427796 0.6222664015904573 0.16597450986759413 0.11133200795228625
1 0.33616871066402554 0.7077534791252486 0.31788338330573124 0.031809145129224704
1 0.48245132953037967 0.7763419483101391 0.6104486210384397 0.0815109343936382
