0 0.13109410430839002 0.21541950113378683 0.012755102040816322 0.03174603174603174
0 0.12825963718820863 0.2675736961451247 0.02125850340136056 0.04535147392290252
0 0.12329931972789115 0.3231292517006803 0.039682539682539666 0.04761904761904759
0 0.12471655328798185 0.37755102040816324 0.028344671201814064 0.029478458049886597
0 0.12755102040816324 0.42970521541950113 0.01700680272108844 0.04308390022675738
0 0.12896825396825395 0.4773242630385488 0.022675736961451243 0.0385487528344671
0 0.12896825396825395 0.5374149659863946 0.01700680272108844 0.02721088435374135
1 0.19203514739229025 0.536281179138322 0.10062358276643991 0.029478458049886528
1 0.18990929705215417 0.47845804988662133 0.10204081632653057 0.03174603174603177
1 0.17857142857142858 0.42517006802721086 0.07653061224489799 0.024943310657596456
1 0.17431972789115643 0.37188208616780044 0.07653061224489795 0.018140589569160995
1 0.1828231292517007 0.32199546485260766 0.07936507936507939 0.02267573696145121
1 0.17502834467120182 0.2675736961451247 0.06944444444444445 0.04535147392290252
1 0.16369047619047616 0.21315192743764172 0.0467687074829932 0.027210884353741527
1 0.389030612244898 0.19614512471655332 0.20266439909297052 0.02494331065759635
1 0.4662698412698413 0.4501133786848072 0.33163265306122447 0.04308390022675738
0 0.47335600907029474 0.31632653061224486 0.35714285714285715 0.18820861678004533
1 0.3670634920634921 0.5011337868480726 0.09070294784580497 0.018140589569161064
1 0.36139455782312924 0.6031746031746031 0.15022675736961458 0.03628117913832199
1 0.3323412698412699 0.645124716553288 0.04393424036281182 0.024943310657596314
1 0.3486394557823129 0.6768707482993196 0.06802721088435369 0.029478458049886597
1 0.4039115646258503 0.6394557823129251 0.04535147392290249 0.022675736961451278
1 0.457766439909297 0.6757369614512472 0.09353741496598637 0.02721088435374156
1 0.4953231292517007 0.6428571428571428 0.0836167800453515 0.03401360544217674
1 0.5924036281179138 0.6428571428571429 0.051020408163265286 0.0204081632653061
1 0.5860260770975056 0.6791383219954648 0.10345804988662138 0.03401360544217695
1 0.3840702947845805 0.7891156462585033 0.20124716553287983 0.0634920634920634
1 0.4265873015873016 0.8560090702947847 0.19841269841269843 0.03854875283446717
1 0.4131235827664399 0.8979591836734694 0.16298185941043086 0.03628117913832199
1 0.7816043083900226 0.39115646258503406 0.18282312925170074 0.12471655328798192
1 0.7447562358276645 0.2891156462585034 0.10912698412698418 0.052154195011337875
1 0.770266439909297 0.2222222222222222 0.1601473922902494 0.04988662131519277
0 0.851048752834467 0.29024943310657597 0.05527210884353735 0.06349206349206345
1 0.23100907029478457 0.1145124716553288 0.15873015873015872 0.03854875283446711
0 0.1183390022675737 0.11337868480725623 0.02692743764172338 0.03628117913832199
1 0.8524659863945578 0.9058956916099774 0.05810657596371883 0.024943310657596383
