0 0.11180124223602483 0.4296066252587991 0.07686335403726707 0.6977225672877846
0 0.8460791925465837 0.4244306418219462 0.07336956521739126 0.6956521739130435
0 0.4868012422360248 0.12732919254658384 0.4914596273291925 0.10973084886128362
1 0.48563481516855384 0.2267080745341615 0.35869565217391297 0.06418219461697725
1 0.483307453416149 0.2805383022774327 0.27950310559006214 0.031055900621118012
1 0.3651009316770186 0.7484472049689441 0.41576086956521735 0.09730848861283647
1 0.3540372670807453 0.6656314699792961 0.38431677018633537 0.0683229813664596
1 0.3726708074534161 0.8478260869565218 0.4262422360248447 0.06418219461697718
1 0.36684782608695654 0.901656314699793 0.40993788819875776 0.010351966873706004
1 0.39013975155279496 0.4710144927536232 0.24223602484472045 0.026915113871635584
1 0.7581521739130435 0.2484472049689441 0.0908385093167702 0.05383022774327124
1 0.7820263975155279 0.2091097308488613 0.05473602484472039 0.020703933747412043
1 0.7232142857142857 0.2070393374741201 0.060559006211180134 0.03312629399585923
