1 0.35307758081325225 0.1503918353468937 0.6091558262382484 0.027420248208086768
1 0.4733567566946899 0.22853954273994098 0.6712354008867324 0.1151650424739644
1 0.3278577536123057 0.3039452253121796 0.38023739472196394 0.02193619856646933
1 0.46462681650974685 0.3642697713699705 0.6692954141789673 0.08226074462426033
1 0.5024530758118422 0.426650836043368 0.7371949489507466 0.03153328543929973
1 0.4801467101718678 0.47189424558671106 0.6731753875944975 0.05346948400576913
1 0.48305843098317774 0.5431868909277366 0.6401956135624903 0.09185783149709041
1 0.4413469760165654 0.6206490921155816 0.6110958129460137 0.019194173745660806
1 0.47141676998692483 0.689885218841001 0.6518355338090812 0.10008390595951674
1 0.4549268829709213 0.7865415937745068 0.758534802736163 0.08226074462426027
