1 0.4204217720003813 0.2132505175983437 0.29581248810014144 0.09109730848861285
1 0.4175077639751552 0.2774327122153209 0.28299689440993786 0.028985507246376833
1 0.42804519850651496 0.4057971014492752 0.30873014856582504 0.08695652173913074
1 0.42449534161490676 0.4668737060041408 0.29464285714285715 0.014492753623188435
1 0.41459627329192544 0.5962732919254659 0.281832298136646 0.07453416149068325
1 0.421001552795031 0.6573498964803313 0.28998447204968936 0.0393374741200828
1 0.4233307453416149 0.7971014492753623 0.29697204968944096 0.10351966873706005
1 0.41110248447204967 0.8695652173913043 0.27484472049689446 0.02898550724637687
1 0.6638198757763975 0.18322981366459629 0.1537267080745341 0.11801242236024845
1 0.6661490683229814 0.3053830227743271 0.1653726708074533 0.09316770186335405
1 0.6626790798274327 0.4120082815734989 0.1444575385368533 0.09109730848861297
1 0.6614906832298136 0.5175983436853002 0.1467391304347826 0.0786749482401656
1 0.6673136645962733 0.6407867494824017 0.14440993788819875 0.10973084886128355
1 0.6655667701863354 0.7577639751552795 0.15954968944099385 0.0786749482401656
1 0.6644021739130435 0.8768115942028986 0.15023291925465843 0.10973084886128362
0 0.7767857142857142 0.15942028985507245 0.05590062111801245 0.06625258799171845
0 0.779114906832298 0.2981366459627329 0.05124223602484463 0.06625258799171842
0 0.7750388198757763 0.41718426501035194 0.05240683229813669 0.06418219461697718
0 0.7773680124223603 0.515527950310559 0.05240683229813655 0.06625258799171839
0 0.7744565217391304 0.6149068322981366 0.05822981366459615 0.06625258799171846
0 0.7732919254658384 0.75879917184265 0.05357142857142847 0.07246376811594203
0 0.7773680124223603 0.8571428571428572 0.05007763975155271 0.07039337474120075
0 0.21370341614906832 0.8178053830227742 0.10830745341614909 0.14078674948240164
0 0.21545031055900618 0.6314699792960663 0.1024844720496894 0.1366459627329192
0 0.21370341614906832 0.4451345755693582 0.10131987577639755 0.14492753623188406
0 0.2131211180124223 0.2629399585921325 0.10714285714285714 0.1490683229813664
