1 0.5556179775280898 0.2436953807740325 0.3089887640449438 0.059925093632958844
1 0.4696629213483146 0.3136079900124844 0.12808988764044948 0.0679151061173533
1 0.5196629213483146 0.36853932584269655 0.23258426966292134 0.03395755305867659
1 0.42247191011235957 0.4424469413233459 0.0337078651685394 0.021972534332084948
1 0.7398876404494382 0.11485642946317104 0.3089887640449438 0.04194756554307118
1 0.4162921348314606 0.577278401997503 0.021348314606741567 0.027965043695380772
1 0.4943820224719101 0.6292134831460675 0.17977528089887643 0.027965043695380772
1 0.6314606741573033 0.5852684144818976 0.3033707865168539 0.05193508114856428
0 0.5758426966292134 0.4734082397003745 0.21460674157303367 0.09987515605493137
0 0.25 0.5203495630461922 0.28876404494382024 0.6771535580524344
1 0.2280898876404494 0.9028714107365792 0.3393258426966292 0.08389513108614238
1 0.43988764044943823 0.6791510611735331 0.08202247191011232 0.02397003745318344
1 0.6196629213483146 0.7780274656679151 0.43033707865168547 0.16579275905118593
1 0.7949438202247191 0.911860174781523 0.20337078651685403 0.029962546816479405
