1 0.5707620528771383 0.25851045446690857 0.40124416796267487 0.16865387938482804
1 0.5279937791601866 0.38845688612407114 0.3374805598755832 0.09676861931916364
1 0.47511664074650073 0.49628477622256784 0.22239502332814928 0.06912044237083116
1 0.4393468118195956 0.5598755832037324 0.13530326594090197 0.03594263003283217
1 0.5046656298600312 0.7160877829618109 0.2628304821150856 0.21565578019699325
1 0.8646967340590979 0.2115085536547434 0.14930015552099532 0.04700190081216519
1 0.8818040435458786 0.34007257646448935 0.18351477449455672 0.19353723863832722
1 0.8576982892690512 0.4603421461897356 0.1384136858475894 0.024883359253499222
1 0.8825816485225505 0.5501987212718161 0.18818040435458797 0.11059270779332991
1 0.8227060653188181 0.6082598928633144 0.10886469673405898 0.033177812337998984
1 0.8763608087091758 0.7022541392165377 0.18818040435458783 0.09953343701399689
1 0.8748055987558321 0.8377397615344739 0.16640746500777595 0.16035942630032834
0 0.2146189735614308 0.44651805771556935 0.2021772939346812 0.5114912735441507
