1 0.6827371695178849 0.3842905490396072 0.4105754276827372 0.1824779678589943
1 0.8646967340590979 0.21703818904440986 0.25194401244167963 0.10782789009849662
1 0.33592534992223955 0.23086227751857613 0.5101088646967341 0.0525315362018317
1 0.577760497667185 0.5349420587769212 0.17884914463452553 0.14653533782616215
1 0.5637636080870918 0.6524969759806463 0.1881804043545879 0.08847416623466393
1 0.6726283048211509 0.7575600483843097 0.37791601866251945 0.09953343701399689
1 0.5272161741835147 0.8142388111283912 0.09642301710730948 0.030412994643165804
1 0.6251944012441679 0.8653879384828062 0.2923794712286158 0.03870744772766543
0 0.6601866251944014 0.9193018835320542 0.3499222395023328 0.0635908069811647
0 0.3895800933125972 0.8999481596682218 0.017107309486780763 0.0525315362018317
1 0.6213063763608088 0.9672541904268186 0.2908242612752722 0.06549161914636258
0 0.2534992223950233 0.5391394504924831 0.3265940902021773 0.4921375496803179
