1 0.7393258426966293 0.11585518102372035 0.3101123595505619 0.06392009987515604
1 0.5179775280898876 0.28564294631710363 0.22921348314606738 0.059925093632958844
1 0.46797752808988763 0.3515605493133583 0.13146067415730336 0.06392009987515607
1 0.5264044943820224 0.40749063670411984 0.25280898876404495 0.03995006242197249
1 0.49662921348314604 0.44744069912609236 0.19550561797752805 0.023970037453183508
1 0.447752808988764 0.4794007490636705 0.08202247191011232 0.023970037453183508
1 0.5960674157303371 0.5173533083645444 0.36741573033707864 0.027965043695380772
1 0.45056179775280897 0.5632958801498128 0.08988764044943821 0.019975031210986174
1 0.6191011235955056 0.6461922596754057 0.4314606741573034 0.13383270911360795
1 0.47134831460674165 0.7820224719101122 0.13820224719101126 0.08589263420724094
1 0.7949438202247191 0.7590511860174781 0.19662921348314596 0.0279650436953807
1 0.2252808988764045 0.7770287141073657 0.349438202247191 0.09188514357053691
1 0.46404494382022476 0.8868913857677903 0.12134831460674157 0.0279650436953807
0 0.25786516853932584 0.42546816479400745 0.2842696629213483 0.4114856429463171
