1 0.46875 0.24534161490683232 0.18517080745341608 0.10559006211180122
1 0.2567934782608695 0.1480331262939959 0.19448757763975152 0.03933747412008282
1 0.6574145962732919 0.15010351966873706 0.13625776397515538 0.03519668737060042
1 0.4734083850931677 0.3592132505175984 0.2131211180124223 0.1180124223602484
1 0.24689440993788817 0.5165631469979296 0.17701863354037264 0.05590062111801238
1 0.2544642857142857 0.6045548654244306 0.18982919254658384 0.0786749482401656
1 0.2463121118012422 0.6811594202898551 0.17585403726708074 0.03312629399585916
1 0.25970496894409933 0.7546583850931676 0.2003105590062112 0.07246376811594189
1 0.25213509316770183 0.8571428571428571 0.1875 0.07867494824016574
1 0.453610248447205 0.5289855072463768 0.1758540372670808 0.08902691511387167
1 0.4536102484472049 0.6200828157349896 0.1688664596273292 0.05590062111801238
1 0.47515527950310554 0.7101449275362319 0.21661490683229814 0.09109730848861261
1 0.4716614906832298 0.8136645962732919 0.20962732919254662 0.0910973084886129
1 0.46875 0.9057971014492753 0.20380434782608695 0.06418219461697731
1 0.6923524844720497 0.5186335403726708 0.19914596273291926 0.06418219461697725
1 0.671389751552795 0.6024844720496894 0.15722049689440987 0.07039337474120075
1 0.6678959627329192 0.7008281573498966 0.15256211180124224 0.06004140786749474
1 0.6667313664596273 0.8002070393374742 0.14324534161490682 0.06004140786749474
1 0.6661490683229814 0.8892339544513458 0.14906832298136635 0.06004140786749474
0 0.7779503105590061 0.8985507246376813 0.05590062111801245 0.06625258799171846
0 0.779114906832298 0.8043478260869565 0.05357142857142847 0.07660455486542446
0 0.78027950310559 0.7122153209109731 0.05357142857142861 0.07039337474120089
0 0.7796972049689441 0.6097308488612836 0.05007763975155271 0.06004140786749481
0 0.6993400621118012 0.3281573498964804 0.21079192546583847 0.2877846790890269
0 0.25970496894409933 0.3198757763975155 0.1956521739130434 0.25879917184265006
