0 0.09353741496598639 0.2437641723356009 0.06235827664399093 0.0884353741496599
0 0.18990929705215417 0.2505668934240363 0.07369614512471655 0.06122448979591837
0 0.2848639455782313 0.2653061224489796 0.04535147392290252 0.07709750566893422
0 0.3755668934240363 0.25056689342403626 0.04535147392290249 0.08843537414965986
0 0.4641439909297052 0.2551020408163265 0.05243764172335602 0.10204081632653061
0 0.5590986394557822 0.2471655328798186 0.05527210884353742 0.08163265306122454
0 0.6462585034013606 0.2505668934240363 0.04251700680272109 0.06575963718820863
0 0.7362528344671202 0.2562358276643991 0.04393424036281175 0.06802721088435376
0 0.8191609977324262 0.2562358276643991 0.05952380952380963 0.07709750566893422
0 0.9162414965986394 0.24263038548752833 0.041099773242630276 0.07256235827664398
1 0.9098639455782314 0.30045351473922904 0.06519274376417243 0.03854875283446713
1 0.8205782312925171 0.31405895691609975 0.048185941043084025 0.024943310657596383
1 0.7405045351473923 0.31179138321995464 0.06377551020408162 0.03401360544217688
1 0.6554705215419502 0.30839002267573695 0.08928571428571423 0.03628117913832199
1 0.5548469387755102 0.31179138321995464 0.04393424036281175 0.0204081632653061
1 0.4712301587301587 0.30725623582766437 0.04960317460317462 0.029478458049886597
1 0.37485827664399096 0.31405895691609975 0.07794784580498863 0.029478458049886597
1 0.2834467120181406 0.3038548752834467 0.07086167800453516 0.027210884353741457
1 0.1870748299319728 0.31065759637188206 0.090702947845805 0.0408163265306122
1 0.09212018140589569 0.31405895691609975 0.06235827664399093 0.029478458049886597
1 0.46981292517006806 0.38888888888888884 0.0807823129251701 0.03401360544217688
1 0.5208333333333333 0.4421768707482993 0.17148526077097506 0.054421768707482984
1 0.5598072562358276 0.4943310657596372 0.25793650793650796 0.027210884353741492
1 0.5229591836734694 0.5249433106575964 0.1757369614512472 0.024943310657596314
0 0.324546485260771 0.4795918367346939 0.1388888888888889 0.24263038548752833
0 0.7064909297052153 0.43197278911564624 0.06377551020408162 0.12018140589569157
0 0.4301303854875283 0.7029478458049887 0.3954081632653061 0.04988662131519277
1 0.7008219954648526 0.6950113378684807 0.12046485260770964 0.08390022675736958
1 0.06873582766439908 0.8798185941043084 0.07794784580498865 0.03628117913832199
1 0.11550453514739228 0.9195011337868481 0.1516439909297052 0.03401360544217681
1 0.43934240362811794 0.8877551020408164 0.15022675736961438 0.011337868480725604
1 0.4124149659863946 0.9229024943310659 0.11621315192743759 0.02267573696145121
0 0.260062358276644 0.8877551020408163 0.10629251700680274 0.10657596371882079
0 0.5739795918367346 0.9024943310657596 0.08503401360544217 0.06802721088435362
0 0.8964002267573696 0.8956916099773241 0.09212018140589578 0.09070294784580497
1 0.7490079365079364 0.8968253968253969 0.14597505668934246 0.06122448979591837
1 0.2706916099773242 0.15192743764172334 0.23526077097505663 0.040816326530612256
1 0.6753117913832198 0.15646258503401358 0.08928571428571437 0.03628117913832199
1 0.7957766439909296 0.15419501133786848 0.049603174603174406 0.022675736961451243
