1 0.08320373250388803 0.18662519440124417 0.11353032659409021 0.06359080698116466
1 0.2892690513219284 0.6359080698116469 0.16174183514774496 0.07741489545533092
1 0.47744945567651625 0.6414377052013133 0.17729393468118196 0.09953343701399689
1 0.6718506998444791 0.6455849317435631 0.18662519440124414 0.09123898392949713
1 0.8740279937791601 0.6442025228961465 0.18973561430793168 0.08294453084499737
1 0.2962674961119751 0.7520304129946431 0.17262830482115085 0.11612234318299641
1 0.4883359253499222 0.7672369103162261 0.16796267496111972 0.0801797131501641
1 0.6835147744945569 0.7617072749265594 0.16951788491446343 0.0525315362018317
1 0.8646967340590979 0.7644720926213927 0.17418351477449462 0.058061171591498206
0 0.291601866251944 0.3608087091757387 0.16640746500777606 0.4119578365301538
0 0.47978227060653184 0.36633834456540526 0.16951788491446343 0.40089856575082083
0 0.6664074650077759 0.3580438914809055 0.17884914463452575 0.40642820114048733
0 0.8608087091757386 0.36633834456540526 0.1664074650077761 0.37325038880248834
