0 0.25027808676307006 0.4765789148436535 0.28921023359288095 0.5062415029044618
1 0.6067853170189099 0.2639970337411939 0.4015572858731924 0.033617599802249425
1 0.5150166852057843 0.29959213941416385 0.22246941045606236 0.02570757631936722
1 0.4694104560622915 0.3529847979236188 0.1268075639599556 0.06525769373377827
1 0.5027808676307007 0.40341119762699296 0.19354838709677416 0.027685082190087796
1 0.4454949944382648 0.43801755036460266 0.07897664071190214 0.02570757631936722
1 0.6256952169076752 0.5438141144481523 0.44160177975528364 0.1661104931405265
1 0.424916573971079 0.6634532196267457 0.037819799777530604 0.04152762328513148
1 0.5578420467185762 0.6654307254974663 0.17018909899888768 0.03757261154369047
1 0.53559510567297 0.7039920899765171 0.12347052280311459 0.027685082190087654
1 0.4983314794215795 0.8513162773451984 0.1824249165739711 0.12853788159683602
1 0.7658509454949944 0.8087999011247063 0.20133481646273652 0.03164009393152881
1 0.24638487208008897 0.7830923248053392 0.30144605116796436 0.08305524657026325
1 0.7436040044493882 0.12260536398467434 0.3147942157953282 0.039550117414411064
