1 0.3417949652358084 0.1441351888667992 0.441660983884954 0.021868787276341964
1 0.4810447658874339 0.23260437375745532 0.6020092391807651 0.12723658051689848
1 0.47823163860154255 0.34393638170974156 0.6020092391807653 0.09542743538767397
1 0.4740119476727054 0.48111332007952284 0.5991961118948739 0.17495029821073566
1 0.441660983884954 0.5795228628230616 0.4894841477451083 0.01789264413518886
1 0.3164768196627855 0.6192842942345925 0.2841258558750341 0.01789264413518886
1 0.2616208375879027 0.6739562624254474 0.12940385515100566 0.027833001988071544
1 0.3671131108088312 0.6650099403578529 0.030944400144805685 0.01789264413518879
1 0.500736656888674 0.6660039761431412 0.028131272858914258 0.01590457256461221
1 0.6624914758274311 0.6660039761431412 0.02531814557302283 0.011928429423459192
1 0.6624914758274311 0.698807157057654 0.02531814557302283 0.013916500994035772
1 0.500736656888674 0.7007952286282307 0.028131272858914258 0.009940357852882614
1 0.4064968928113112 0.7127236580516899 0.0984594550061999 0.0377733598409543
1 0.2334895647289884 0.6978131212723659 0.08439381857674282 0.01590457256461221
1 0.2419289465866627 0.7415506958250497 0.11815134600743991 0.01988071570576537
1 0.21379767372774844 0.801192842942346 0.045010036574262814 0.01988071570576537
1 0.40509032916836546 0.7634194831013917 0.10127258229209132 0.051689860834990074
1 0.40087063823952834 0.8021868787276341 0.09283320043441705 0.013916500994035772
1 0.5330876206764253 0.753479125248509 0.09283320043441712 0.03976143141153074
1 0.5513729480347196 0.8061630218687873 0.12940385515100566 0.0377733598409543
1 0.692029312329291 0.7504970178926442 0.10127258229209132 0.04174950298210731
1 0.6892161850433997 0.8031809145129225 0.10127258229209132 0.031809145129224704
