1 0.690717717399464 0.14142335766423358 0.43637867005797903 0.04197080291970801
1 0.30985100996851445 0.18704379562043796 0.2633764754196087 0.016423357664233577
1 0.5086780946829697 0.24817518248175183 0.6920087785534815 0.09124087591240876
1 0.4170200867391759 0.3129562043795621 0.4208859362097669 0.020072992700729948
1 0.4247609531696854 0.375 0.4208859362097669 0.020072992700729948
1 0.4170200867391759 0.35127737226277367 0.4208859362097669 0.020072992700729948
1 0.5189414947408845 0.44069343065693295 0.6969768388979393 0.10401459854014566
1 0.4247609531696854 0.3312043795620437 0.4208859362097669 0.020072992700729948
1 0.529226896773186 0.5200729927007299 0.5835523076245336 0.04379562043795616
1 0.5305170411782707 0.5793795620437955 0.6016143292957221 0.06386861313868629
1 0.5279367523681009 0.6450729927007298 0.6016143292957221 0.06386861313868629
0 0.2917798208079978 0.7554744525547445 0.11361338155355664 0.08394160583941598
1 0.3111457381182632 0.6961678832116789 0.24530161926336105 0.027372262773722723
1 0.5861509314133587 0.759124087591241 0.47511050467850985 0.08759124087591234
1 0.781097498674299 0.8220802919708029 0.15750946079015818 0.012773722627737117
