1 0.3440129511313782 0.14700083451936916 0.4527589009165155 0.017621551141123088
1 0.4562184178802539 0.18641746207188142 0.5354366132577923 0.018549001201182237
1 0.46540483036261804 0.2239791895042754 0.5433106810998188 0.04359015282277827
1 0.4608116241214359 0.2587585667564921 0.4422601437938137 0.014839200960945825
1 0.49033937852903475 0.2837997183780881 0.5013156526090115 0.027823501801773353
1 0.4575307625205916 0.33898299695160516 0.5170637882930641 0.07141365462455163
1 0.47590358748531986 0.41735252702660014 0.556434127503196 0.08532540552543821
1 0.4290019110984426 0.510934393638171 0.5091760387463483 0.027833001988071614
1 0.46979225674386826 0.5735586481113321 0.613261748324331 0.0854870775347912
1 0.47682507495859683 0.6779324055666004 0.5991961118948739 0.11928429423459243
1 0.47682507495859683 0.7862823061630219 0.5991961118948739 0.09343936381709739
