1 0.3417949652358084 0.14711729622266403 0.4585397476003025 0.03180914512922465
1 0.4754185113156511 0.19880715705765406 0.6188880028961139 0.051689860834990074
1 0.4740119476727054 0.2485089463220676 0.5991961118948739 0.04771371769383695
1 0.2714667830885227 0.30218687872763417 0.20535829187007415 0.023856858846918492
1 0.4740119476727054 0.3558648111332008 0.5991961118948739 0.07554671968190853
1 0.48104476588743394 0.4324055666003976 0.6076354937525482 0.07355864811133195
1 0.3460146561646455 0.503976143141153 0.3544540380223198 0.02982107355864805
1 0.47823163860154255 0.5487077534791253 0.613261748324331 0.05566600397614316
1 0.47682507495859683 0.6083499005964215 0.5991961118948739 0.05566600397614316
1 0.27849960130325124 0.6580516898608348 0.21942392829953128 0.01988071570576537
1 0.4754185113156511 0.7365805168986083 0.6076354937525482 0.12127236580516908
1 0.4796382022444882 0.8190854870775348 0.5879436027513082 0.035785288270377864
