1 0.34882778345053694 0.1481113320079523 0.461352874886194 0.025844930417495037
1 0.4205625292407683 0.18687872763419486 0.5485598207488284 0.023856858846918492
1 0.48104476588743394 0.2276341948310139 0.6076354937525482 0.045725646123260404
1 0.4866710204592168 0.3091451292246521 0.5907567300371996 0.10934393638170974
1 0.4880775841021625 0.3916500994035785 0.5879436027513082 0.047713717693836984
1 0.4866710204592168 0.43439363817097415 0.5907567300371996 0.0377733598409543
1 0.2770930376603056 0.48111332007952284 0.21661080101363986 0.027833001988071544
1 0.4754185113156511 0.5238568588469186 0.613261748324331 0.049701789264413564
1 0.2334895647289884 0.5735586481113321 0.11252509143565707 0.02982107355864805
1 0.47823163860154255 0.647117296222664 0.6020092391807653 0.10934393638170974
1 0.23067643744309702 0.7345924453280318 0.10689883686387425 0.029821073558648124
1 0.48104476588743394 0.7912524850894633 0.6188880028961139 0.0755467196819086
