1 0.21661490683229812 0.49378881987577644 0.12810559006211178 0.13871635610766048
1 0.2614518633540372 0.624223602484472 0.21079192546583847 0.08488612836438918
1 0.21079192546583847 0.7474120082815736 0.11878881987577636 0.11594202898550733
1 0.24980590062111793 0.8219461697722568 0.1944875776397515 0.01656314699792958
1 0.2567934782608695 0.8913043478260869 0.19448757763975152 0.0890269151138716
1 0.46875 0.18530020703933747 0.2154503105590063 0.10973084886128363
1 0.46525621118012417 0.2867494824016563 0.2038043478260869 0.08902691511387165
1 0.44138198757763975 0.4855072463768116 0.13043478260869562 0.12215320910973083
1 0.4774869893916856 0.5942028985507247 0.1979864011436195 0.0828157349896481
1 0.4687486269043657 0.7070393374741201 0.17585403726708074 0.09316770186335405
1 0.4716614906832298 0.826086956521739 0.18866459627329185 0.11180124223602476
1 0.46816770186335405 0.9296066252587991 0.188664596273292 0.02070393374741215
1 0.7028338509316769 0.8695652173913043 0.20613354037267073 0.08281573498964803
1 0.6626552795031055 0.694616977225673 0.14440993788819867 0.09316770186335405
1 0.6824534161490683 0.7681159420289856 0.17934782608695662 0.04140786749482416
1 0.6545031055900621 0.5186335403726708 0.12344720496894418 0.08902691511387167
1 0.687111801242236 0.593167701863354 0.188664596273292 0.0393374741200828
0 0.25504658385093165 0.25672877846790887 0.19565217391304343 0.25258799171842655
0 0.32084627329192544 0.4813664596273292 0.06638198757763973 0.09730848861283647
0 0.3196816770186335 0.7443064182194616 0.06638198757763973 0.0931677018633539
0 0.5432841614906831 0.47929606625258797 0.0663819875776398 0.07660455486542446
0 0.7744565217391304 0.5217391304347826 0.06055900621117999 0.0786749482401656
0 0.7756211180124223 0.7049689440993789 0.05822981366459615 0.08074534161490675
