0 0.2573033707865169 0.47440699126092384 0.2741573033707866 0.5013732833957554
1 0.24269662921348314 0.7830212234706616 0.31011235955056177 0.07990012484394513
1 0.6314606741573034 0.2636704119850187 0.45393258426966304 0.03995006242197253
1 0.5157303370786517 0.3006242197253433 0.22471910112359553 0.03795255930087393
1 0.5106741573033708 0.3715355805243446 0.20786516853932582 0.09188514357053684
1 0.447752808988764 0.43845193508114855 0.08876404494382023 0.021972534332084875
1 0.6230337078651685 0.5403245942571785 0.4438202247191011 0.16579275905118598
1 0.5606741573033708 0.7061173533083646 0.3056179775280898 0.12584269662921344
1 0.5061797752808989 0.8429463171036204 0.20112359550561806 0.09188514357053677
1 0.7623595505617977 0.8079900124843945 0.1988764044943821 0.04194756554307119
1 0.5022471910112359 0.9168539325842697 0.19999999999999993 0.0279650436953807
1 0.7415730337078651 0.11685393258426967 0.30786516853932583 0.04194756554307116
