0 0.2628398791540786 0.3504531722054381 0.08459214501510576 0.1885196374622356
0 0.5755287009063444 0.3516616314199396 0.1027190332326284 0.11359516616314198
0 0.898036253776435 0.35407854984894255 0.10120845921450154 0.1764350453172205
0 0.08836858006042295 0.7021148036253777 0.11027190332326282 0.21027190332326293
0 0.236404833836858 0.7021148036253777 0.11027190332326285 0.21027190332326293
0 0.387462235649547 0.6973196666697085 0.10120845921450179 0.19584779255391982
0 0.5385196374622347 0.70214401109884 0.09214501510574002 0.205496481412181
0 0.6903323262839879 0.6996978851963747 0.09667673716012075 0.2006042296072507
1 0.06797583081570996 0.30815709969788524 0.06646525679758308 0.026586102719033243
1 0.11027190332326282 0.340785498489426 0.14803625377643503 0.024169184290030187
1 0.11329305135951664 0.3794561933534743 0.1570996978851964 0.03867069486404837
1 0.4350453172205438 0.3093655589123867 0.14803625377643514 0.019335347432024114
1 0.4093655589123867 0.33957703927492444 0.09667673716012089 0.03141993957703931
1 0.433534743202417 0.38187311178247735 0.15105740181268884 0.038670694864048304
1 0.7515105740181269 0.32265861027190335 0.14350453172205435 0.05558912386706947
1 0.7454682779456193 0.3661631419939577 0.12839879154078546 0.01691842900302113
1 0.08912386706948641 0.8447129909365558 0.09365558912386707 0.04108761329305139
1 0.23867069486404835 0.8410876132930514 0.08459214501510573 0.04350453172205448
1 0.38670694864048344 0.8398791540785498 0.08157099697885194 0.05075528700906347
1 0.5438066465256798 0.8435045317220545 0.06948640483383685 0.03867069486404844
1 0.6903323262839879 0.8410876132930514 0.09063444108761332 0.04350453172205448
1 0.9078549848942598 0.783081570996979 0.12688821752265853 0.04350453172205434
1 0.9116314199395771 0.8229607250755286 0.11027190332326285 0.026586102719033135
0 0.9123867069486404 0.6646525679758308 0.13293051359516625 0.16435045317220534
1 0.05966767371601209 0.5474320241691842 0.08308157099697885 0.04592145015105729
1 0.07175226586102719 0.1510574018126888 0.07703927492447128 0.05558912386706948
1 0.6774924471299093 0.15589123867069485 0.09516616314199396 0.04108761329305137
1 0.7975830815709969 0.15709969788519637 0.05740181268882168 0.05317220543806645
1 0.8987915407854985 0.15468277945619335 0.03323262839879163 0.03383685800604232
