1 0.6399864575402996 0.1441351888667992 0.48104476588743394 0.03379721669980121
1 0.5162088569610768 0.2147117296222664 0.6048223664666568 0.07952286282306162
1 0.5162088569610769 0.3091451292246521 0.6104486210384397 0.10536779324055669
1 0.5204285478899139 0.4065606361829026 0.6020092391807652 0.09343936381709746
1 0.4064968928113112 0.49204771371769385 0.3628934198799941 0.01789264413518879
1 0.524648238818751 0.5318091451292246 0.6104486210384396 0.06560636182902585
1 0.5302744933905339 0.588469184890656 0.6048223664666568 0.05566600397614309
0 0.29678492866154554 0.6908548707753479 0.10408570957798279 0.0815109343936382
1 0.5752845299647968 0.6868787276341948 0.4529134930285197 0.07753479125248518
1 0.5148022933181311 0.7773359840954274 0.5569992026065025 0.09145129224652081
