1 0.25014172335600904 0.2585034013605442 0.04393424036281179 0.054421768707482984
1 0.2728174603174603 0.30952380952380953 0.07511337868480726 0.03401360544217688
0 0.39698606206499126 0.32778367007223447 0.058181192543164 0.07796279800783974
1 0.5104393875241611 0.3033475692041056 0.09890802732337868 0.029090596271582
0 0.6217109182629622 0.32545642237050787 0.046544954034530975 0.07098105490266005
1 0.539529983795743 0.24959731601017346 0.16727092856159642 0.04305408248194137
1 0.6406198058394904 0.2484336921593102 0.02181794720368643 0.03141784397330856
1 0.720618945586341 0.30545126085161095 0.06254478198390132 0.01512711006122263
1 0.7695892545307653 0.2596996867153956 0.17123782805317575 0.05606551281432164
0 0.8687617418202492 0.2485923681389734 0.015206448051054054 0.04442927430568886
0 0.8502495441928789 0.33057495763161354 0.04958624364474204 0.07299095064506034
1 0.28000840342826067 0.6181147681148589 0.08905504236619396 0.05420741709246592
1 0.2630685855868651 0.6614807017888316 0.05904736504715036 0.023231750182485484
0 0.3971351439316244 0.6823892769530684 0.048399479546844544 0.08053673396594917
1 0.5016780197528087 0.6142428097511113 0.09292700072994159 0.05265863374696678
1 0.4944180978207821 0.6591575267705829 0.06679128177464541 0.018585400145988303
0 0.6255806873927306 0.6831636686258179 0.050335458728718266 0.07589038392945227
1 0.7141517349634563 0.6173403764421093 0.053239427501529095 0.05265863374696686
1 0.7160877141453301 0.659157526770583 0.05711138586527667 0.015487833454990323
0 0.8501542724900895 0.6839380602985675 0.06388731300183466 0.07434160058395321
1 0.06377551020408162 0.22108843537414966 0.036848072562358274 0.024943310657596383
1 0.07157029478458049 0.2653061224489796 0.05810657596371883 0.03174603174603177
1 0.07015306122448979 0.32539682539682535 0.05243764172335602 0.034013605442176846
1 0.06802721088435373 0.3741496598639456 0.03684807256235827 0.022675736961451278
1 0.06235827664399093 0.41950113378684806 0.03968253968253968 0.04535147392290249
1 0.12329931972789115 0.473922902494331 0.15873015873015872 0.022675736961451278
1 0.12188208616780045 0.528344671201814 0.15306122448979592 0.04535147392290234
1 0.07653061224489796 0.5839002267573696 0.05385487528344671 0.03854875283446717
1 0.07511337868480725 0.6349206349206349 0.059523809523809514 0.03628117913832206
1 0.06448412698412698 0.6848072562358277 0.035430839002267574 0.045351473922902556
1 0.12329931972789115 0.7426303854875284 0.15306122448979592 0.047619047619047734
1 0.07794784580498866 0.7981859410430839 0.06519274376417233 0.04535147392290242
1 0.07086167800453515 0.8503401360544217 0.051020408163265314 0.0408163265306122
1 0.09141156462585034 0.9013605442176871 0.09778911564625849 0.04308390022675738
1 0.12329931972789115 0.15419501133786848 0.09637188208616783 0.054421768707483
