1 0.6300378431606325 0.14598540145985403 0.5164244616070759 0.05109489051094892
1 0.3718127778720358 0.48083941605839425 0.3511686338928115 0.009124087591240837
1 0.5357848784237446 0.5218978102189781 0.6326199654686679 0.04379562043795616
1 0.528044011993235 0.5602189781021898 0.6532769439329509 0.021897810218978152
1 0.5267529508392174 0.5857664233576643 0.6765160447052694 0.01459854014598541
1 0.531917195455288 0.625912408759124 0.640366332392774 0.0510948905109489
1 0.5499810506243424 0.6870437956204379 0.640366332392774 0.07116788321167888
1 0.5525741739195711 0.7427007299270072 0.6661875554731277 0.032846715328467155
1 0.42734124197985524 0.7828467153284672 0.4621998931383328 0.014598540145985339
1 0.5202976450691288 0.8193430656934306 0.6532769439329509 0.043795620437956304
0 0.5180748561562477 0.3259124059746735 0.9638502876875047 0.2832116732632157
