0 0.252247191011236 0.5752808988764044 0.28426966292134837 0.6951310861423221
1 0.5303370786516854 0.28564294631710363 0.24719101123595508 0.05593008739076158
1 0.43539325842696625 0.3275905118601748 0.061797752808988804 0.023970037453183473
1 0.4719101123595506 0.3695380774032459 0.14157303370786514 0.0359550561797753
1 0.5269662921348315 0.41548064918851435 0.247191011235955 0.03995006242197256
1 0.4196629213483146 0.48838951310861417 0.025842696629213437 0.02596754057428214
0 0.6758426966292135 0.6182272159800248 0.4191011235955056 0.3056179775280898
1 0.4174157303370787 0.8119850187265918 0.02584269662921358 0.03395755305867652
1 0.5758426966292136 0.8239700374531835 0.21011235955056187 0.053932584269662985
1 0.501685393258427 0.8689138576779026 0.19887640449438201 0.02796504369538084
1 0.7415730337078651 0.11485642946317104 0.3033707865168539 0.04594257178526842
