1 0.19739906832298135 0.1956521739130435 0.08035714285714286 0.04347826086956523
1 0.2655279503105589 0.2515527950310559 0.2538819875776397 0.051759834368530024
1 0.27950310559006214 0.6677018633540373 0.2352484472049689 0.14285714285714277
1 0.28595598574182196 0.7950310559006206 0.24582501496190567 0.07867494824016635
1 0.280667701863354 0.8933747412008282 0.24223602484472045 0.0890269151138716
1 0.4926242236024844 0.2784679089026915 0.15838509316770186 0.08902691511387167
1 0.4961180124223602 0.3861283643892339 0.17003105590062106 0.10559006211180133
1 0.49728260869565216 0.4989648033126294 0.17701863354037264 0.09937888198757762
1 0.4885481366459627 0.6045548654244307 0.15256211180124224 0.09523809523809526
1 0.49670031055900615 0.6925465838509317 0.16420807453416145 0.06004140786749474
1 0.4914596273291925 0.7795031055900623 0.1607142857142857 0.10559006211180119
1 0.49553571428571425 0.8861283643892339 0.1665372670807453 0.10351966873706005
0 0.7051630434782608 0.5600414078674948 0.22010869565217397 0.7267080745341614
