1 0.5482115085536547 0.2958354933471574 0.4463452566096422 0.1271816139623294
1 0.42457231726283057 0.4230171073094868 0.18973561430793162 0.1050630724036634
1 0.39346811819595645 0.558493174356316 0.13374805598755835 0.06635562467599783
1 0.48055987558320373 0.6580266113703128 0.31104199066874033 0.04423708311733186
0 0.18818040435458777 0.514275201781198 0.2737169517884912 0.5423151448449206
1 0.46656298600311047 0.8252980819077242 0.26749611197511663 0.23500950406082594
1 0.18662519440124417 0.8197780017891648 0.15241057542768274 0.02488335925349929
1 0.8553654743390358 0.2999827198894073 0.12441679626749619 0.09676861931916364
1 0.8304821150855366 0.3815448418869881 0.08398133748055997 0.04423708311733193
1 0.8623639191290825 0.4893631767143778 0.15707620528771368 0.18249707840120835
1 0.8685847589424572 0.3912217038189044 0.007776049766718529 0.019353723863832713
1 0.8219284603421463 0.5944286379358177 0.07931570762052885 0.016588906168999388
1 0.8732503888024883 0.6400552963538968 0.1726283048211509 0.0525315362018317
1 0.8709175738724728 0.7741489545533091 0.19284603421461896 0.16588906168999487
1 0.8763608087091757 0.9193018835320547 0.19440124416796267 0.058061171591498206
