0 0.2502780867630701 0.47361265603757263 0.2803114571746385 0.4884439500679767
1 0.6629588431590656 0.2768508219008775 0.5161290322580645 0.06723519960449885
1 0.5150166852057843 0.33024348041033247 0.22246941045606236 0.02373007044864657
1 0.47775305895439374 0.3826473859844271 0.13904338153503892 0.04943764676801379
1 0.5027808676307007 0.4301075268817204 0.18909899888765294 0.029662588060808303
1 0.44771968854282534 0.46768013842541095 0.09010011123470527 0.029662588060808303
1 0.6273637374860956 0.5724879495736003 0.44938820912124583 0.17204301075268816
1 0.5027808676307007 0.6941045606229145 0.20022246941045607 0.03164009393152881
1 0.42602892102335926 0.7643060190334942 0.04449388209121253 0.041527623285131626
1 0.5945494994438265 0.7563959955506118 0.23248053392658505 0.041527623285131626
1 0.5389321468298109 0.7959461129650228 0.12124582869855388 0.029662588060808303
1 0.5111234705228032 0.910641453466815 0.21913236929922136 0.06525769373377827
1 0.7725250278086763 0.914596465208256 0.22135706340378192 0.053392658509454946
1 0.2486095661846496 0.7850698306760598 0.30589543937708563 0.07119021134593993
1 0.7391546162402669 0.11766159930787295 0.29922135706340375 0.03757261154369052
