1 0.3782809181271831 0.14781021897810218 0.5758132746918896 0.029197080291970785
1 0.4841534332502302 0.20346715328467155 0.78238305933472 0.05656934306569344
1 0.3795719792812007 0.2527372262773723 0.5215887062231466 0.02737226277372262
1 0.5086414247256589 0.3029197080291971 0.7694724477945429 0.05474452554744524
1 0.3279295331204931 0.3412408759124088 0.43379654774994364 0.02189781021897808
1 0.4970145403480376 0.38777372262773724 0.7049193900936587 0.060218978102189756
1 0.46478201544636827 0.4425182481751825 0.6765160447052694 0.04927007299270073
1 0.38602728505128925 0.47810218978102187 0.5190065839151112 0.01459854014598541
1 0.4621998931383328 0.5054744525547445 0.7643082031784723 0.02919708029197082
1 0.48673555555826553 0.5419708029197081 0.7720545701025785 0.02919708029197075
0 0.48543899391065126 0.6852189781021898 0.8521003616516751 0.239051094890511
1 0.3163099827343339 0.8211678832116789 0.35375075620084695 0.01459854014598548
