1 0.2859083850931677 0.17391304347826086 0.2573757763975155 0.03312629399585921
1 0.37034161490683226 0.2991718426501035 0.42857142857142855 0.20082815734989648
1 0.36044254658385094 0.5041407867494825 0.42274844720496896 0.1428571428571429
1 0.3755822981366459 0.6821946169772256 0.4390527950310558 0.15113871635610765
1 0.3709239130434782 0.8426501035196687 0.42973602484472045 0.13250517598343678
1 0.6521739130434782 0.4409937888198758 0.11645962732919252 0.041407867494824016
1 0.6935170807453416 0.5010351966873706 0.19681677018633542 0.05383022774327124
1 0.6946816770186335 0.5693581780538303 0.19914596273291926 0.04968944099378881
1 0.6935170807453416 0.6459627329192547 0.19448757763975158 0.03726708074534173
0 0.6987577639751552 0.8043478260869565 0.19099378881987583 0.21325051759834365
0 0.6993400621118012 0.25672877846790887 0.20846273291925463 0.26086956521739124
0 0.8489906832298135 0.4265010351966874 0.08850931677018636 0.6997929606625258
0 0.11005434782608696 0.42132505175983437 0.07569875776397515 0.6728778467908902
1 0.3837344720496894 0.10559006211180125 0.2923136645962732 0.041407867494824016
1 0.202639751552795 0.10766045548654243 0.05822981366459629 0.03726708074534162
