0 0.4606009070294785 0.49092970521541957 0.48185941043083913 0.4376417233560091
1 0.4443027210884354 0.15192743764172337 0.4407596371882086 0.07709750566893422
1 0.45138888888888884 0.22789115646258506 0.46343537414965996 0.05668934240362816
1 0.24447278911564624 0.8117913832199545 0.04960317460317462 0.018140589569160995
1 0.4095804988662131 0.8492063492063491 0.37414965986394555 0.029478458049886597
1 0.40532879818594103 0.909297052154195 0.38548752834467126 0.04988662131519277
0 0.6597222222222223 0.870748299319728 0.08928571428571423 0.09523809523809533
1 0.8581349206349205 0.7709750566893425 0.12329931972789111 0.08163265306122454
1 0.8581349206349205 0.8764172335600907 0.12329931972789111 0.07482993197278916
0 0.7645975056689344 0.8752834467120182 0.041099773242630276 0.06349206349206354
0 0.768140589569161 0.7743764172335601 0.04818594104308374 0.0702947845804988
1 0.7986111111111112 0.7006802721088435 0.10912698412698404 0.040816326530612346
1 0.7957766439909298 0.427437641723356 0.09778911564625858 0.020408163265306173
1 0.7936507936507937 0.46371882086167804 0.11904761904761912 0.052154195011337806
1 0.8871882086167802 0.5589569160997732 0.09070294784580497 0.11564625850340135
0 0.8312074829931972 0.4795918367346939 0.2111678004535146 0.30612244897959184
0 0.8170351473922902 0.13151927437641722 0.13747165532879818 0.07709750566893422
0 0.9183673469387756 0.1258503401360544 0.03968253968253961 0.08843537414965985
1 0.7638888888888888 0.1950113378684807 0.05102040816326522 0.02267573696145121
1 0.8064058956916099 0.25736961451247165 0.12471655328798179 0.07482993197278909
1 0.9148242630385488 0.2585034013605442 0.04676870748299322 0.090702947845805
1 0.9141156462585033 0.19387755102040816 0.04251700680272109 0.029478458049886597
1 0.10629251700680271 0.32766439909297046 0.04818594104308391 0.029478458049886563
1 0.09991496598639456 0.38208616780045346 0.02976190476190478 0.0385487528344671
1 0.1197562358276644 0.427437641723356 0.04960317460317459 0.03854875283446717
1 0.09849773242630384 0.47165532879818595 0.038265306122448974 0.0408163265306122
1 0.10345804988662131 0.5249433106575964 0.03684807256235828 0.029478458049886597
1 0.11550453514739228 0.5736961451247166 0.06094104308390024 0.03628117913832199
1 0.11904761904761905 0.6315192743764172 0.07653061224489796 0.04308390022675738
1 0.12117346938775508 0.6746031746031745 0.08928571428571427 0.03854875283446717
1 0.10841836734693878 0.7256235827664399 0.0439342403628118 0.02721088435374156
1 0.10912698412698413 0.7789115646258503 0.04535147392290252 0.029478458049886597
1 0.12400793650793653 0.8253968253968254 0.06660997732426305 0.03174603174603177
1 0.12117346938775508 0.8877551020408163 0.06944444444444445 0.029478458049886597
1 0.13109410430839002 0.2834467120181406 0.05527210884353741 0.018140589569160995
1 0.08361678004535147 0.21768707482993196 0.048185941043083894 0.03174603174603177
1 0.1325113378684807 0.21315192743764172 0.021258503401360526 0.03628117913832199
1 0.09282879818594104 0.15192743764172334 0.06944444444444445 0.040816326530612256
