1 0.06460674157303371 0.12983770287141072 0.07528089887640449 0.023970037453183508
1 0.04831460674157304 0.16379525593008737 0.0404494382022472 0.015980024968789017
1 0.07528089887640449 0.19775280898876402 0.08988764044943819 0.027965043695380772
1 0.06123595505617978 0.22971285892634208 0.059550561797752796 0.01997503121098628
1 0.07247191011235955 0.264669163545568 0.07752808988764044 0.02596754057428214
1 0.08202247191011237 0.2956304619225968 0.10112359550561799 0.023970037453183542
1 0.08820224719101125 0.32958801498127344 0.10449438202247192 0.023970037453183508
1 0.08876404494382023 0.36254681647940074 0.11235955056179776 0.029962546816479405
1 0.10337078651685394 0.40049937578027467 0.1415730337078652 0.025967540574282067
1 0.0550561797752809 0.42946317103620474 0.04943820224719102 0.023970037453183508
1 0.0646067415730337 0.45342423094727097 0.07078651685393257 0.03595505617977523
1 0.052247191011235955 0.49538077403245934 0.041573033707865165 0.023970037453183508
1 0.060112359550561795 0.5283395755305867 0.052808988764044947 0.021972534332084875
1 0.06629213483146067 0.5602996254681648 0.06966292134831459 0.021972534332084948
1 0.06348314606741573 0.59625468164794 0.057303370786516865 0.03395755305867659
1 0.2831460674157303 0.13982521847690385 0.15730337078651682 0.03196004993757802
1 0.5140449438202248 0.17578027465667914 0.5696629213483146 0.027965043695380772
0 0.7735955056179776 0.36254681647940074 0.17640449438202255 0.33358302122347055
1 0.4466292134831461 0.3335830212234707 0.4685393258426967 0.2956304619225968
1 0.449438202247191 0.5563046192259675 0.4696629213483145 0.12584269662921344
1 0.5213483146067416 0.6481897627965043 0.6179775280898876 0.05393258426966284
1 0.5269662921348315 0.7590511860174781 0.6314606741573033 0.1518102372034957
1 0.44943820224719105 0.8619225967540575 0.4764044943820225 0.03395755305867667
1 0.2921348314606742 0.9158551810237203 0.15505617977528088 0.04194756554307105
