1 0.0646067415730337 0.12484394506866417 0.07752808988764044 0.029962546816479405
1 0.04719101123595506 0.16279650436953808 0.03595505617977528 0.02596754057428214
1 0.08202247191011235 0.19775280898876402 0.10561797752808989 0.023970037453183542
1 0.048314606741573035 0.23071161048689137 0.02696629213483146 0.021972534332084875
1 0.09101123595505617 0.26666666666666666 0.10337078651685391 0.029962546816479366
1 0.0955056179775281 0.2976279650436954 0.11235955056179776 0.023970037453183473
1 0.10674157303370788 0.33058676654182273 0.14157303370786517 0.029962546816479366
1 0.1 0.37253433208489384 0.1393258426966292 0.05792759051186017
1 0.058988764044943826 0.41747815230961294 0.050561797752808994 0.027965043695380772
1 0.06629213483146067 0.45043695380774035 0.06516853932584268 0.02596754057428214
1 0.05561797752808989 0.48439450686641694 0.04831460674157304 0.017977528089887684
1 0.08764044943820223 0.5153558052434457 0.10786516853932585 0.023970037453183508
1 0.0550561797752809 0.5493133583021224 0.04044943820224718 0.019975031210986316
1 0.06629213483146067 0.5862671660424469 0.06292134831460673 0.02596754057428221
1 0.05393258426966291 0.618227215980025 0.042696629213483134 0.01398252184769035
1 0.10168539325842696 0.6521847690387016 0.12696629213483146 0.021972534332084875
1 0.09662921348314607 0.6951310861423221 0.11910112359550562 0.03595505617977523
1 0.05955056179775281 0.7340823970037453 0.058426966292134834 0.02596754057428214
1 0.08089887640449439 0.7700374531835206 0.10561797752808989 0.029962546816479405
1 0.058988764044943826 0.8039950062421972 0.05955056179775281 0.029962546816479405
1 0.052808988764044947 0.8329588014981273 0.05168539325842696 0.019975031210986174
1 0.04662921348314606 0.8669163545568039 0.03707865168539326 0.01598002496878905
1 0.4370786516853933 0.1478152309612984 0.45842696629213475 0.10387016229712857
1 0.447752808988764 0.27265917602996254 0.4685393258426967 0.1298377028714107
1 0.28370786516853935 0.3735330836454432 0.1404494382022472 0.027965043695380772
1 0.44101123595505615 0.4214716622947907 0.4573033707865168 0.055930087390761614
1 0.5269662921348315 0.5113607990012484 0.6247191011235955 0.10387016229712856
1 0.5297752808988764 0.5982521847690387 0.6191011235955056 0.05792759051186024
1 0.23258426966292134 0.6491885143570536 0.06292134831460672 0.0279650436953807
1 0.5949438202247191 0.7800249687890138 0.5067415730337078 0.20973782771535596
1 0.3831460674157304 0.914856429463171 0.08539325842696627 0.0319600499375781
0 0.7719101123595506 0.2506866416978777 0.15505617977528088 0.3215980024968789
0 0.2758426966292135 0.8109862671660424 0.12247191011235956 0.27565543071161047
