1 0.6207243073545261 0.07057654075546721 0.4449548500244327 0.025844930417495037
1 0.5211625867689486 0.13717693836978131 0.6637448039038496 0.051689860834990074
0 0.5051835451934856 0.327037773359841 0.5088710163262848 0.30417495029821084
1 0.2986851617567324 0.4900596421471174 0.20404006934822047 0.02982107355864805
1 0.2839352772255357 0.5367793240556661 0.15979041575463046 0.03180914512922456
1 0.5223917438132151 0.6232604373757457 0.6514532334611858 0.12127236580516901
1 0.5236209008574815 0.7047713717693839 0.639161663018522 0.0377733598409543
1 0.5395999424329445 0.7514910536779326 0.5973703235134648 0.04373757455268389
1 0.48428787544095697 0.7872763419483101 0.4719963049982931 0.01988071570576537
1 0.54451657061001 0.8170974155069584 0.6022869516905303 0.027833001988071687
1 0.5518915128756084 0.8598409542743539 0.6121202080446615 0.0377733598409543
