1 0.5668740279937792 0.3428373941593226 0.39657853810264393 0.17694833246932784
1 0.47744945567651625 0.46309024216013145 0.21461897356143075 0.08570934853983075
1 0.4447900466562987 0.5418708247384416 0.14930015552099532 0.06635562467599797
1 0.43545878693623635 0.609642301710731 0.11197511664074647 0.0525315362018317
1 0.4346811819595645 0.6898220148608951 0.12286158631415241 0.04147226542249868
1 0.5101088646967341 0.8515638500086401 0.2737169517884914 0.22118541558665983
1 0.8398133748055987 0.2944530844997408 0.1026438569206843 0.04700190081216522
1 0.869362363919129 0.37048557110765507 0.16485225505443238 0.08294453084499737
1 0.8716951788491447 0.4603421461897356 0.1757387247278382 0.08570934853983068
1 0.8538102643856921 0.5349922239502333 0.13374805598755843 0.03041299464316573
1 0.8779160186625193 0.6179367547952306 0.1695178849144635 0.10229825470883007
1 0.8810264385692069 0.7506480041472265 0.17884914463452561 0.14653533782616193
1 0.8452566096423016 0.8446518057715571 0.11664074650077766 0.0525315362018317
1 0.8818040435458786 0.9396060134784863 0.18040435458786916 0.12078797304302753
0 0.18351477449455678 0.48799032313806806 0.29237947122861585 0.5059616381544843
1 0.18429237947122862 0.7561728619013394 0.16640746500777603 0.01935372386383264
