1 0.6268075639599554 0.2600420219997528 0.44160177975528364 0.03757261154369051
1 0.4755283648498332 0.29662588060808304 0.14794215795328142 0.02768508219008776
1 0.46774193548387094 0.35397355085897914 0.12347052280311459 0.06723519960449885
1 0.5027808676307007 0.4024224446916327 0.19799777530589543 0.02570757631936722
1 0.4454949944382648 0.43604004449388206 0.07675194660734157 0.029662588060808303
1 0.631813125695217 0.5467803732542331 0.4582869855394884 0.16017797552836485
1 0.5350389321468298 0.7049808429118773 0.12013348164627359 0.02570757631936715
1 0.42602892102335926 0.6654307254974663 0.042269187986651816 0.03757261154369047
1 0.5934371523915462 0.6594982078853048 0.23470522803114569 0.03757261154369061
1 0.432146829810901 0.8087999011247063 0.04783092324805338 0.03164009393152881
1 0.5506117908787541 0.8404399950562353 0.15127919911012236 0.09887529353602759
1 0.7636262513904338 0.8068223952539859 0.20355951056729693 0.035595105672969966
1 0.7413793103448276 0.11667284637251266 0.3014460511679644 0.05537016438017549
1 0.2408231368186874 0.778148560128538 0.3147942157953281 0.08107774069954289
0 0.26028921023359286 0.4479050797182055 0.26918798665183535 0.48448893832653567
