1 0.40105740181268884 0.19818731117824775 0.12235649546827794 0.033836858006042296
1 0.44712990936555885 0.2719033232628399 0.2114803625377643 0.031419939577039244
1 0.5370090634441087 0.30453172205438067 0.3942598187311178 0.024169184290030222
1 0.47583081570996977 0.33595166163142 0.17824773413897277 0.029003021148036226
1 0.4078549848942598 0.38791540785498485 0.11480362537764349 0.02658610271903321
1 0.8595166163141994 0.19818731117824775 0.042296072507552934 0.024169184290030222
1 0.40483383685800606 0.6537764350453174 0.09969788519637461 0.021752265861027097
1 0.4055891238670695 0.6912386706948641 0.11933534743202415 0.03867069486404844
1 0.41465256797583083 0.7432024169184291 0.09516616314199396 0.021752265861027097
1 0.41389728096676737 0.7891238670694863 0.048338368580060444 0.021752265861027097
1 0.5521148036253777 0.790332326283988 0.049848942598187305 0.024169184290030045
1 0.5430513595166162 0.6513595166163142 0.10120845921450147 0.02175226586102724
1 0.5460725075528701 0.688821752265861 0.10120845921450147 0.04350453172205434
1 0.6812688821752266 0.6574018126888217 0.07552870090634442 0.019335347432024294
1 0.6797583081570997 0.6791540785498489 0.08761329305135952 0.024169184290030045
1 0.8179758308157099 0.6513595166163142 0.08610271903323266 0.02175226586102724
1 0.8179758308157099 0.6900302114803626 0.07703927492447135 0.04108761329305139
1 0.6895770392749244 0.7879154078549848 0.055891238670694746 0.029003021148036226
1 0.823262839879154 0.7891238670694863 0.048338368580060374 0.026586102719033135
1 0.8225075528700907 0.7444108761329307 0.09214501510574025 0.024169184290030187
1 0.6880664652567975 0.7432024169184291 0.09516616314199396 0.026586102719033278
1 0.552870090634441 0.7419939577039275 0.09365558912386703 0.029003021148036368
1 0.18202416918429 0.2380664652567976 0.07703927492447128 0.036253776435045355
1 0.17522658610271905 0.28398791540785495 0.05135951661631419 0.026586102719033243
1 0.2039274924471299 0.3238670694864048 0.11480362537764349 0.024169184290030152
1 0.16691842900302117 0.37099697885196375 0.04380664652567974 0.02175226586102717
1 0.16691842900302112 0.4096676737160121 0.04078549848942597 0.02658610271903321
1 0.16842900302114802 0.46283987915407854 0.037764350453172196 0.026586102719033278
1 0.17900302114803626 0.5027190332326283 0.05891238670694866 0.024169184290030118
1 0.17371601208459214 0.5474320241691842 0.05135951661631424 0.026586102719033135
1 0.16842900302114805 0.19939577039274922 0.10120845921450151 0.026586102719033243
1 0.14652567975830816 0.5885196374622356 0.057401812688821746 0.031419939577039244
1 0.20996978851963746 0.6731117824773415 0.18126888217522655 0.045921450151057426
1 0.21601208459214502 0.8120845921450152 0.19939577039274922 0.048338368580060236
0 0.24244712990936557 0.7383685800604229 0.049848942598187305 0.07009063444108761
0 0.18126888217522658 0.7347432024169184 0.04531722054380664 0.06767371601208452
0 0.6790030211480362 0.5740181268882175 0.07099697885196378 0.11359516616314203
0 0.5445619335347431 0.575226586102719 0.08912386706948638 0.10634441087613283
0 0.4086102719033233 0.5764350453172206 0.07401812688821749 0.11359516616314203
0 0.4093655589123867 0.8918429003021147 0.07250755287009064 0.09184290030211485
0 0.5438066465256798 0.8906344410876134 0.07250755287009071 0.10392749244713002
0 0.6812688821752266 0.8906344410876134 0.07552870090634442 0.0797583081570997
0 0.716012084592145 0.10513595166163142 0.021148036253776467 0.03141993957703928
