0 0.25722789115646255 0.4773242630385488 0.2848639455782313 0.6643990929705216
1 0.6575963718820862 0.3208616780045351 0.24943310657596376 0.08390022675736965
1 0.6604308390022676 0.40022675736961455 0.2522675736961453 0.06575963718820858
1 0.6597222222222223 0.4614512471655328 0.2565192743764173 0.04308390022675731
1 0.6625566893424033 0.5192743764172334 0.25935374149659846 0.0680272108843536
1 0.6554705215419502 0.5873015873015873 0.24518140589569165 0.07709750566893427
1 0.6540532879818594 0.6496598639455782 0.24234693877551017 0.04308390022675745
1 0.6675170068027211 0.7154195011337867 0.2664399092970522 0.07029478458049894
0 0.017006802721088433 0.15306122448979592 0.025510204081632647 0.04761904761904761
0 0.01984126984126984 0.217687074829932 0.028344671201814057 0.06802721088435373
0 0.018424036281179137 0.2868480725623583 0.03401360544217687 0.056689342403628086
0 0.01913265306122449 0.35147392290249435 0.03826530612244898 0.072562358276644
0 0.014880952380952378 0.4251700680272109 0.024092970521541947 0.05668934240362816
0 0.019132653061224487 0.4954648526077098 0.029761904761904757 0.061224489795918303
0 0.019132653061224487 0.5555555555555556 0.029761904761904757 0.04535147392290249
0 0.5420918367346939 0.19047619047619047 0.026927437641723416 0.058956916099773264
0 0.6342120181405895 0.19047619047619047 0.02125850340136047 0.04535147392290249
0 0.7234977324263039 0.1950113378684807 0.029761904761904674 0.04988662131519277
0 0.5456349206349206 0.2551020408163265 0.01984126984126988 0.04761904761904759
1 0.5817743764172335 0.1893424036281179 0.04676870748299322 0.052154195011337875
1 0.5534297052154195 0.1473922902494331 0.06944444444444443 0.03628117913832197
1 0.560515873015873 0.7630385487528345 0.05810657596371883 0.01587301587301596
1 0.6278344671201813 0.7959183673469389 0.17857142857142855 0.03174603174603177
1 0.6852324263038548 0.8662131519274376 0.1913265306122449 0.02721088435374156
0 0.8999433106575964 0.31632653061224497 0.16723356009070287 0.2743764172335601
1 0.8985260770975058 0.15079365079365079 0.06519274376417243 0.0204081632653061
1 0.9027777777777777 0.11904761904761905 0.07936507936507951 0.03854875283446711
1 0.26643990929705214 0.891156462585034 0.1587301587301587 0.04535147392290242
