0 0.2690513219284603 0.6027302574736478 0.4167962674961119 0.6967340590979783
1 0.6119751166407464 0.2875410402626577 0.2161741835147744 0.11612234318299634
1 0.6018662519440124 0.374632797649905 0.21461897356143084 0.058061171591498206
1 0.6267496111975117 0.4907551408329013 0.2519440124416796 0.1575946086054951
1 0.6267496111975117 0.7202350095040608 0.26438569206842927 0.2626576810091585
1 0.8506998444790047 0.2889234491100743 0.12130637636080877 0.04700190081216519
1 0.8786936236391912 0.352514256091239 0.17107309486780709 0.0525315362018317
1 0.8646967340590979 0.42163469846207025 0.1430793157076205 0.06359080698116465
1 0.8506998444790047 0.514256091238984 0.11508553654743395 0.0663556246759979
1 0.8413685847589424 0.5709348539830654 0.1026438569206843 0.02488335925349929
1 0.8841368584758942 0.6469506188665423 0.181959564541213 0.11612234318299636
1 0.8608087091757387 0.72575508962262 0.13219284603421472 0.01935372386383264
