1 0.36102484472049684 0.2556935817805383 0.4192546583850931 0.24637681159420288
1 0.3982919254658384 0.10869565217391304 0.33540372670807445 0.043478260869565216
1 0.19914596273291924 0.10662525879917183 0.04658385093167702 0.03105590062111803
1 0.36859472049689435 0.44306418219461696 0.42274844720496885 0.10766045548654248
1 0.3627717391304347 0.7784679089026915 0.43439440993788814 0.1449275362318842
1 0.36393633540372666 0.9037267080745341 0.42973602484472045 0.09316770186335419
1 0.703416149068323 0.7722567287784678 0.21894409937888193 0.08281573498964803
1 0.6690605590062111 0.8923395445134575 0.16420807453416153 0.10351966873706005
0 0.375 0.6004140786749482 0.42391304347826086 0.17391304347826086
0 0.7005046583850931 0.5797101449275363 0.20846273291925463 0.2898550724637681
0 0.701669254658385 0.2857142857142857 0.20613354037267073 0.2939958592132505
