1 0.5921348314606741 0.28464419475655434 0.37303370786516865 0.06591760299625467
1 0.46797752808988763 0.35255930087390763 0.13146067415730336 0.0739076154806492
1 0.5157303370786517 0.41348314606741565 0.2269662921348314 0.027965043695380772
1 0.4162921348314606 0.487390761548065 0.023595505617977536 0.015980024968788982
1 0.5314606741573034 0.500374531835206 0.1213483146067415 0.06192259675405744
1 0.4314606741573034 0.5722846441947566 0.05168539325842701 0.025967540574282067
1 0.501685393258427 0.5892634207240949 0.04382022471910112 0.05193508114856435
1 0.49662921348314604 0.6282147315855181 0.19550561797752805 0.029962546816479474
1 0.4438202247191011 0.6721598002496879 0.07865168539325851 0.021972534332084875
1 0.6207865168539325 0.7820224719101124 0.43033707865168536 0.18177278401997513
1 0.6202247191011235 0.9048689138576779 0.4651685393258427 0.0279650436953807
1 0.7421348314606742 0.1188514357053683 0.30000000000000004 0.04194756554307116
1 0.2280898876404494 0.7021223470661673 0.3415730337078651 0.08589263420724108
0 0.2516853932584269 0.41348314606741565 0.2876404494382022 0.3995006242197253
