1 0.5421348314606742 0.28564294631710363 0.2707865168539325 0.059925093632958844
1 0.46853932584269664 0.3485642946317104 0.13033707865168537 0.06591760299625467
1 0.5168539325842697 0.4064918851435705 0.22921348314606738 0.045942571785268387
1 0.41797752808988764 0.4853932584269663 0.026966292134831493 0.031960049937577964
1 0.49719101123595505 0.5822721598002496 0.1966292134831461 0.02596754057428214
0 0.65 0.5193508114856429 0.36067415730337077 0.08389513108614238
1 0.4483146067415731 0.6302122347066167 0.08089887640449434 0.017977528089887614
1 0.5808988764044943 0.6701622971285892 0.3550561797752808 0.02596754057428214
1 0.44213483146067417 0.7071161048689139 0.08426966292134835 0.02397003745318358
1 0.6213483146067417 0.7950062421972534 0.4359550561797753 0.13183520599250925
1 0.7943820224719101 0.9008739076154807 0.20224719101123598 0.03595505617977523
1 0.746067415730337 0.11585518102372035 0.3168539325842697 0.04794007490636705
0 0.250561797752809 0.5802746566791511 0.28539325842696633 0.717103620474407
