1 0.6498324030409196 0.1451292246520875 0.4669791294579768 0.02783300198807156
1 0.5190219842469682 0.2067594433399602 0.6104486210384397 0.07554671968190857
1 0.5176154206040224 0.27435387673956263 0.6020092391807653 0.05566600397614312
1 0.5274613661046426 0.31610337972167 0.25036832844433704 0.019880715705765405
1 0.5232416751758053 0.35487077534791256 0.6076354937525481 0.06560636182902585
1 0.5162088569610768 0.4065606361829026 0.5991961118948739 0.03777335984095423
1 0.43884785659906256 0.44532803180914515 0.42759534745549693 0.015904572564612352
1 0.2925652377327084 0.4821073558648111 0.09564632772030851 0.009940357852882754
1 0.5569992026065026 0.4731610337972167 0.10689883686387425 0.023856858846918457
1 0.7103146396875851 0.4711729622266402 0.1040857095779829 0.01988071570576537
1 0.7356327852606082 0.4970178926441352 0.132216982436897 0.01988071570576544
1 0.7243802761170425 0.5159045725646123 0.12659072786511416 0.01789264413518886
1 0.7398524761894453 0.5347912524850895 0.151908873438137 0.019880715705765297
1 0.7300065306888253 0.5596421471172962 0.15472200072402842 0.01789264413518886
1 0.7032818214728568 0.5795228628230616 0.10689883686387418 0.021868787276341877
1 0.6821833668286711 0.5984095427435387 0.0872069458626342 0.01590457256461228
1 0.6906227486863453 0.614314115308151 0.0872069458626342 0.015904572564612352
1 0.42194561570283895 0.478921589544111 0.13014988168638608 0.019928678976476703
1 0.2522084783368438 0.4984670246941171 0.02711455868466377 0.009964339488238423
1 0.2500393136420707 0.516862728364711 0.02711455868466377 0.008431364182355523
1 0.26034284594224294 0.5379411388205999 0.04989078797978131 0.01226380244706263
1 0.25763139007377656 0.5590195492764889 0.04446787624284856 0.016096240711769596
1 0.2603428459422429 0.5812476912117899 0.0629057761484199 0.01303029010000415
1 0.272273251763495 0.5988769072294424 0.06073661145364682 0.011497314794121251
1 0.2728155429371883 0.6188055862059192 0.05965202910626026 0.016096240711769527
1 0.36825878950720464 0.5003832438264706 0.02494539398989069 0.018395703670593944
1 0.3709702453756711 0.5180124598441231 0.030368305726823478 0.013796777752945388
1 0.3736817012441375 0.5356416758617757 0.04229871154807548 0.01379677775294553
1 0.37042795420197777 0.5555703548382525 0.02928372337943692 0.015329753058828288
1 0.3769354482862971 0.5781817406000243 0.0357912174637562 0.01303029010000401
1 0.3861543982390827 0.5992601510559131 0.06073661145364681 0.015329753058828288
1 0.38778127176016264 0.6180390985529778 0.05314453502194098 0.01303029010000401
1 0.5374536356995065 0.4969340493882343 0.061821193801033306 0.020695166629418223
1 0.5445034209575195 0.5176292160176529 0.0911049171804702 0.020695166629419007
1 0.5743294355106492 0.5398573579529535 0.12689613464422655 0.01456326540588691
1 0.5683642326000232 0.5582530616235475 0.11930405821252052 0.01456326540588691
1 0.5548069532576914 0.5774152529470828 0.09869699361217613 0.01303029010000401
1 0.554264662083998 0.5992601510559132 0.10195074065433574 0.010730827141179731
1 0.5412496739153595 0.6191888300323899 0.07158243492751232 0.015329753058828216
1 0.3460146561646455 0.6630218687872764 0.2644339648737941 0.029821073558648124
1 0.5232416751758053 0.7067594433399603 0.613261748324331 0.04174950298210731
1 0.544340129819991 0.7763419483101391 0.5654385844641767 0.09343936381709739
