0 0.265940902021773 0.5681700362882321 0.3079315707620529 0.5114912735441506
1 0.624416796267496 0.27648176948332465 0.21306376360808707 0.11612234318299634
1 0.6111975116640747 0.352514256091239 0.18351477449455672 0.02488335925349929
1 0.5824261275272162 0.41610506307240364 0.1384136858475894 0.058061171591498206
1 0.6360808709175739 0.4949023673751512 0.24572317262830481 0.08294453084499737
1 0.6539657853810265 0.6856747883186451 0.2783825816485226 0.25436322792465865
1 0.8569206842923794 0.268187316398825 0.10886469673405913 0.049766718506998445
1 0.8716951788491446 0.3221012614480733 0.1415241057542768 0.0801797131501641
1 0.8779160186625193 0.3856920684292379 0.15396578538102645 0.03594263003283224
1 0.8771384136858476 0.4810782789009849 0.16174183514774498 0.12165197857266286
1 0.854587869362364 0.5723172628304821 0.09797822706065318 0.027648176948332548
1 0.8919129082426127 0.6580266113703128 0.1757387247278382 0.11059270779332991
1 0.8755832037325039 0.7547952306894765 0.1399688958009331 0.07188526006566448
1 0.8856920684292379 0.8239156730603077 0.1570762052877137 0.033177812337998915
1 0.8670295489891134 0.9506652842578193 0.1384136858475894 0.0986694314843615
