1 0.3603234311667552 0.15245520902455212 0.687783487503969 0.024883875248838744
1 0.23825946751417376 0.18231585932315866 0.24178054338876734 0.021566025215660253
1 0.47534524307014947 0.2511612475116125 0.6736991840055944 0.10285335102853352
1 0.24530161926336114 0.32581287325812874 0.19952763289364298 0.026542800265428036
1 0.4741715511119516 0.36728599867286 0.6713518000891986 0.053085600530856
1 0.23473839163958005 0.4245189117451892 0.1737064098132892 0.018248175182481743
1 0.49177693048492005 0.5165892501658925 0.7816788441598012 0.15593895155938944
1 0.21361193639201786 0.6235899137358991 0.21126455247562193 0.018248175182481816
1 0.47182416719555575 0.6741871267418713 0.6995204070859481 0.07299270072992697
0 0.2499963870961528 0.7679163901791639 0.15257995456572698 0.08792302587923033
1 0.5481141444784192 0.7679163901791639 0.4342660245332228 0.08792302587923033
