0 0.36684782608695643 0.40579710144927533 0.4309006211180123 0.39337474120082816
0 0.7767843411900799 0.26811594202898553 0.10248721824095818 0.09316770186335399
0 0.8821816770186334 0.26604554865424435 0.0966614906832298 0.09316770186335405
1 0.7814440993788818 0.3612836438923395 0.09549689440993787 0.08902691511387167
1 0.8874223602484471 0.3633540372670807 0.10947204968944106 0.08902691511387172
1 0.8326863354037266 0.16977225672877846 0.2049689440993788 0.08695652173913042
0 0.8332686335403726 0.7049689440993788 0.19448757763975152 0.4616977225672877
1 0.37325310559006214 0.6366459627329192 0.4390527950310559 0.06004140786749474
1 0.3674367608525014 0.7556935817805384 0.4413952608354375 0.09937888198757734
1 0.3720885093167702 0.8457556935817806 0.44371118012422356 0.06004140786749474
1 0.3651009316770185 0.9120082815734989 0.4343944099378881 0.031055900621118012
1 0.32084627329192544 0.16149068322981364 0.34588509316770183 0.04554865424430641
1 0.07802795031055901 0.09937888198757765 0.02562111801242236 0.028985507246376815
1 0.11878881987577639 0.10351966873706005 0.03959627329192544 0.03726708074534162
1 0.16129658385093165 0.10248447204968944 0.0361024844720497 0.031055900621118012
1 0.21486801242236023 0.10559006211180125 0.05007763975155278 0.041407867494824016
1 0.25970496894409933 0.10351966873706005 0.02795031055900619 0.03726708074534162
1 0.31036490683229806 0.10041407867494824 0.05939440993788818 0.04347826086956522
1 0.358113354037267 0.10351966873706005 0.029114906832298216 0.03726708074534162
1 0.4029503105590062 0.09730848861283643 0.03726708074534166 0.04968944099378882
1 0.44836956521739124 0.10662525879917183 0.027950310559006226 0.03519668737060042
1 0.501358695652174 0.10351966873706005 0.0663819875776398 0.062111801242236024
1 0.5811335403726707 0.10455486542443065 0.07686335403726709 0.03933747412008282
1 0.7890139751552795 0.10351966873706005 0.03843167701863365 0.028985507246376815
1 0.8303571428571428 0.10455486542443065 0.03493788819875775 0.03933747412008282
1 0.9107142857142856 0.10662525879917183 0.03726708074534159 0.03933747412008282
0 0.873447204968944 0.10248447204968944 0.016304347826086883 0.031055900621118012
0 0.04250776397515527 0.09937888198757765 0.01979813664596273 0.04554865424430642
