1 0.06460674157303371 0.12983770287141072 0.07528089887640449 0.023970037453183508
1 0.044382022471910115 0.16079900124843946 0.02134831460674157 0.021972534332084875
1 0.08202247191011235 0.19975031210986266 0.10561797752808989 0.023970037453183508
1 0.05 0.23071161048689137 0.028089887640449427 0.021972534332084875
1 0.08988764044943821 0.26666666666666666 0.09887640449438201 0.029962546816479366
1 0.09662921348314607 0.2956244768945186 0.12359550561797752 0.023970037453183542
1 0.10449438202247191 0.33058676654182273 0.14606741573033707 0.029962546816479366
1 0.10168539325842697 0.37553058676654183 0.13370786516853936 0.03995006242197249
1 0.057303370786516844 0.41747964856663244 0.049438202247191004 0.023970037453183508
1 0.06629213483146067 0.44943820224719105 0.07191011235955055 0.019975031210986247
1 0.05393258426966293 0.481398252184769 0.04494382022471911 0.023970037453183508
1 0.08258426966292134 0.5143570536828964 0.11797752808988765 0.021972534332084948
1 0.054494382022471914 0.5473158551810238 0.03932584269662922 0.027965043695380772
1 0.06629213483146067 0.5822721598002496 0.06292134831460673 0.02596754057428214
1 0.052808988764044947 0.6142322097378278 0.042696629213483155 0.021972534332084806
1 0.1 0.6491885143570536 0.13258426966292133 0.0279650436953807
1 0.09438202247191012 0.6901373283395756 0.12808988764044943 0.04594257178526831
1 0.06348314606741573 0.7420724094881399 0.06853932584269662 0.03395755305867667
1 0.08426966292134833 0.775031210986267 0.10561797752808989 0.02397003745318344
1 0.059550561797752796 0.8009987515605493 0.06741573033707865 0.02796504369538084
1 0.05168539325842696 0.8339575530586765 0.04719101123595506 0.02596754057428214
1 0.05337078651685394 0.8759051186017479 0.04606741573033708 0.03395755305867667
0 0.2752808988764045 0.8119850187265917 0.12134831460674157 0.26566791510611737
0 0.7842696629213484 0.31260923845193506 0.1280898876404494 0.29363295880149815
1 0.2876404494382022 0.14681647940074907 0.15505617977528088 0.03395755305867665
1 0.5247191011235955 0.4184769038701623 0.6224719101123596 0.49737827715355815
1 0.5932584269662922 0.8119850187265917 0.4966292134831461 0.2736579275905119
