0 0.25112359550561797 0.5213483146067417 0.2865168539325843 0.5952559300873907
1 0.22640449438202245 0.879900124843945 0.3449438202247191 0.08589263420724094
1 0.5106741573033707 0.283645443196005 0.21685393258426963 0.059925093632958844
1 0.4887640449438203 0.34756554307116105 0.17303370786516858 0.07990012484394508
1 0.5162921348314607 0.4064918851435706 0.22808988764044946 0.03795255930087393
1 0.4449438202247191 0.45842696629213486 0.07865168539325851 0.029962546816479405
1 0.6196629213483146 0.5622971285892635 0.4258426966292134 0.16179775280898873
1 0.6365168539325843 0.6921348314606742 0.44157303370786516 0.029962546816479405
1 0.4758426966292134 0.7910112359550561 0.1426966292134832 0.10387016229712856
1 0.8174157303370785 0.8049937578027465 0.23258426966292134 0.1318352059925094
1 0.46853932584269664 0.8838951310861424 0.1213483146067415 0.02596754057428214
1 0.7398876404494382 0.11585518102372035 0.3089887640449438 0.043945068664169785
