1 0.3449438202247191 0.22372034956304618 0.26741573033707866 0.051935081148564315
1 0.23202247191011238 0.27166042446941324 0.03483146067415728 0.023970037453183473
1 0.2617977528089888 0.27166042446941324 0.022471910112359553 0.023970037453183473
1 0.8 0.22272159800249688 0.07415730337078656 0.03395755305867667
1 0.2955056179775281 0.30761548064918853 0.16629213483146066 0.03196004993757803
1 0.36348314606741566 0.3515605493133583 0.26853932584269663 0.027965043695380772
1 0.04719101123595506 0.3036204744069913 0.03370786516853932 0.023970037453183542
1 0.06685393258426965 0.264669163545568 0.07303370786516852 0.02596754057428214
1 0.052247191011235955 0.3365792759051186 0.03707865168539326 0.021972534332084875
1 0.0848314606741573 0.3735330836454432 0.11348314606741573 0.027965043695380772
1 0.0696629213483146 0.40149812734082396 0.07865168539325841 0.02397003745318344
1 0.07303370786516854 0.43745318352059925 0.08539325842696628 0.02796504369538084
1 0.07584269662921347 0.4714107365792759 0.09101123595505617 0.023970037453183508
1 0.05617977528089888 0.500374531835206 0.042696629213483155 0.02596754057428221
1 0.04831460674157304 0.535330836454432 0.03595505617977529 0.02397003745318358
1 0.059550561797752796 0.56729088639201 0.05168539325842696 0.03196004993757803
1 0.05786516853932585 0.6012484394506866 0.03932584269662922 0.027965043695380772
1 0.0601123595505618 0.637203495630462 0.05955056179775282 0.019975031210986247
1 0.4359550561797753 0.4504369538077404 0.44719101123595506 0.1498127340823971
1 0.4359550561797753 0.5772784019975031 0.43595505617977537 0.09188514357053677
1 0.23820224719101127 0.6511860174781523 0.060674157303370786 0.0359550561797753
1 0.4185393258426967 0.6931335830212234 0.3808988764044945 0.03595505617977537
1 0.4365168539325843 0.8309612983770287 0.4415730337078652 0.23171036204744083
1 0.7067415730337079 0.5792759051186017 0.08539325842696627 0.015980024968788982
1 0.6971910112359551 0.6082397003745318 0.04831460674157285 0.02596754057428221
1 0.7028089887640451 0.6372034956304619 0.057303370786516865 0.015980024968788982
1 0.7140449438202248 0.666167290886392 0.08651685393258432 0.017977528089887614
0 0.7573033707865169 0.4963795255930087 0.09662921348314597 0.1418227215980024
1 0.754494382022472 0.3995006242197253 0.06629213483146074 0.019975031210986247
1 0.7101123595505618 0.27365792759051183 0.0337078651685394 0.019975031210986247
1 0.7398876404494382 0.2706616729088639 0.02359550561797761 0.02596754057428214
1 0.7803370786516853 0.2706616729088639 0.052808988764044926 0.02596754057428214
1 0.8230337078651685 0.27365792759051183 0.025842696629213437 0.019975031210986247
0 0.7606741573033707 0.8269662921348313 0.18426966292134836 0.1917602996254682
