0 0.5077694751034025 0.31411530815109345 0.2784996013032513 0.1868787276341948
1 0.6456127121120824 0.14115308151093442 0.46979225674386826 0.027833001988071596
1 0.589350166394254 0.1878727634194831 0.0872069458626342 0.03379721669980121
1 0.7553246762618481 0.28330019880715707 0.13784323700867987 0.04572564612326047
1 0.27568647401735985 0.3330019880715706 0.12377760057922282 0.03777335984095424
1 0.40087063823952834 0.441351888667992 0.3628934198799941 0.01988071570576537
1 0.524648238818751 0.5357852882703777 0.6273273847537881 0.1530815109343937
1 0.5204285478899139 0.6421471172962226 0.5963829846089825 0.05566600397614316
1 0.5218351115328597 0.6968190854870775 0.5035497841745654 0.03379721669980114
1 0.25177489208728276 0.7246520874751491 0.06470192757550283 0.025844930417495107
1 0.524648238818751 0.7544731610337972 0.5598123298923938 0.03379721669980114
1 0.5218351115328597 0.8021868787276343 0.5204285478899139 0.049701789264413494
