1 0.3446080925216998 0.14910536779324057 0.447287238456737 0.023856858846918492
1 0.4740119476727054 0.1908548707753479 0.6160748756102224 0.03976143141153081
1 0.4641660021720854 0.22266401590457258 0.49511040231689113 0.015904572564612352
1 0.47260538402975966 0.24353876739562622 0.5063629114604568 0.013916500994035772
1 0.47682507495859683 0.2634194831013916 0.520428547889914 0.01789264413518886
1 0.500736656888674 0.290258449304175 0.5682517117500683 0.03180914512922467
1 0.48245132953037967 0.31709741550695825 0.5316810570334797 0.017892644135188894
1 0.4669791294579768 0.33797216699801197 0.5063629114604569 0.011928429423459263
0 0.49370383867394535 0.47415506958250503 0.6104486210384397 0.2405566600397615
1 0.33757527430697126 0.6093439363817097 0.3432015288787541 0.01789264413518886
1 0.38399187452417977 0.6461232604373757 0.4191559655978226 0.03180914512922456
1 0.4796382022444882 0.7246520874751491 0.6104486210384397 0.12127236580516908
1 0.5049563478175111 0.8071570576540756 0.5654385844641768 0.03578528827037772
