1 0.5404354587869362 0.29445308449974084 0.41524105754276824 0.2018316917228271
1 0.4385692068429238 0.42439951615690347 0.2301710730948678 0.06912044237083116
1 0.40046656298600314 0.4686318216386819 0.15707620528771382 0.030412994643165662
1 0.3973561430793157 0.559880360839286 0.14152410575427687 0.11888716087782968
1 0.39035769828926903 0.6607914290651459 0.13374805598755835 0.03870744772766543
1 0.4611197511664075 0.8073267668913081 0.25972006220839816 0.22118541558665983
1 0.8328149300155522 0.25989286331432526 0.08242612752721598 0.05529635389666499
1 0.8670295489891134 0.33454294107482285 0.1632970451010887 0.10506307240366333
1 0.8771384136858477 0.4340763780888197 0.18662519440124414 0.08294453084499744
1 0.8569206842923793 0.5073440470019008 0.13374805598755826 0.0525315362018317
1 0.8335925349922239 0.5557211902081522 0.07776049766718501 0.03870744772766543
1 0.8771384136858478 0.6870500307127316 0.18040435458786916 0.21289096250216005
1 0.8421461897356143 0.8308277172973908 0.10419906687402801 0.0525315362018317
1 0.8786936236391912 0.9068530374519748 0.18662519440124414 0.10506307240366325
0 0.17185069984447898 0.4423708311733195 0.24105754276827368 0.3870744772766546
0 0.15085536547433903 0.7368239156730603 0.29860031104199064 0.15206497321582846
