1 0.46201814058956914 0.18820861678004533 0.15022675736961452 0.08616780045351473
1 0.5321712018140589 0.31179138321995464 0.28486394557823125 0.052154195011337875
1 0.4988662131519274 0.42857142857142855 0.22675736961451243 0.09523809523809518
1 0.5009920634920635 0.5453514739229025 0.23384353741496597 0.09297052154195015
1 0.7277494331065759 0.41723356009070295 0.21683673469387763 0.10884353741496597
1 0.5123299319727892 0.7414965986394557 0.25368480725623577 0.0770975056689342
1 0.49744897959183676 0.8605442176870747 0.22392290249433103 0.08390022675736972
1 0.7298752834467119 0.854875283446712 0.23526077097505657 0.09523809523809533
1 0.20337301587301584 0.326530612244898 0.08928571428571429 0.054421768707482984
1 0.20549886621315192 0.3956916099773242 0.10204081632653063 0.056689342403628086
1 0.18707482993197277 0.4682539682539682 0.05668934240362811 0.052154195011337875
1 0.19274376417233557 0.5272108843537414 0.06802721088435375 0.04761904761904752
1 0.2033730158730159 0.5941043083900227 0.09212018140589567 0.06349206349206347
1 0.1998299319727891 0.6621315192743764 0.07653061224489793 0.054421768707483054
1 0.1828231292517007 0.7324263038548753 0.05668934240362814 0.04535147392290242
1 0.7979024943310656 0.6621315192743765 0.09070294784580497 0.02721088435374142
