1 0.22640449438202245 0.7111111111111111 0.34269662921348315 0.0878901373283395
0 0.2533707865168539 0.36154806491885144 0.28876404494382024 0.27565543071161047
1 0.5561797752808989 0.28564294631710363 0.29887640449438196 0.0679151061173533
1 0.4792134831460674 0.3385767790262172 0.1382022471910112 0.03795255930087386
1 0.5123595505617977 0.3815230961298377 0.21348314606741575 0.04394506866416975
1 0.4174157303370787 0.4604244694132335 0.019101123595505528 0.03395755305867659
1 0.6825842696629213 0.48039950062421966 0.12471910112359545 0.06192259675405744
1 0.4382022471910112 0.5503121098626717 0.05393258426966291 0.04194756554307126
1 0.5022471910112359 0.5593008739076155 0.05393258426966291 0.055930087390761545
1 0.4455056179775281 0.6082397003745318 0.07977528089887642 0.02596754057428221
1 0.6207865168539325 0.714107365792759 0.43483146067415723 0.16179775280898887
1 0.6387640449438203 0.8429463171036204 0.45505617977528096 0.047940074906367015
1 0.8117977528089888 0.9058676654182273 0.2348314606741573 0.021972534332084733
1 0.7438202247191011 0.12284644194756554 0.30786516853932583 0.03395755305867667
