1 0.6371733302544081 0.1441351888667992 0.46979225674386826 0.025844930417495016
0 0.5274613661046426 0.32007952286282304 0.4866710204592168 0.294234592445328
1 0.3671131108088312 0.4791252485089463 0.3178833833057312 0.031809145129224635
1 0.5195506271723583 0.5227225264714483 0.6036785345553539 0.046372503002955624
1 0.5215191441328649 0.5616754289939309 0.5997415006343408 0.02782350180177332
1 0.5293932119748913 0.5848616804954088 0.59449212207299 0.016694101081063978
1 0.5431728306984374 0.6177861576275072 0.5564341275031959 0.04729995306301468
1 0.5436500469312875 0.6829606027571156 0.555956911270346 0.07503914122296436
1 0.5436500469312875 0.74282328845184 0.5535708301060954 0.03456859314765779
1 0.4100295017332644 0.7811859954815578 0.3913173109370674 0.018549001201182448
1 0.5185961947066567 0.8157545886292149 0.6060646157196032 0.0286666382200075
