1 0.12053571428571429 0.10662525879917185 0.054736024844720496 0.055900621118012424
1 0.16537267080745338 0.10455486542443065 0.030279503105590033 0.03933747412008282
1 0.21777950310559008 0.10455486542443064 0.053571428571428575 0.031055900621118012
1 0.2631987577639751 0.09627329192546583 0.030279503105590067 0.01863354037267081
1 0.30803571428571425 0.10144927536231883 0.04774844720496898 0.0372670807453416
1 0.3552018633540372 0.10559006211180122 0.03726708074534159 0.028985507246376815
1 0.40353260869565216 0.10455486542443065 0.0454192546583851 0.04761904761904763
1 0.44720496894409933 0.10351966873706005 0.030279503105590067 0.04554865424430641
1 0.499611801242236 0.10559006211180125 0.06288819875776397 0.041407867494824016
1 0.5817158385093167 0.10559006211180125 0.08967391304347828 0.03726708074534162
1 0.7843555900621118 0.10144927536231883 0.03610248447204967 0.03312629399585921
1 0.8367624223602484 0.10766045548654243 0.045419254658385026 0.03726708074534162
1 0.9118788819875775 0.10351966873706005 0.032608695652173905 0.04554865424430641
1 0.3540395555734691 0.19979296066252586 0.4076086956521739 0.051759834368530024
1 0.33423913043478265 0.2515527950310559 0.3726708074534162 0.022774327122153187
1 0.37616459627329185 0.3447204968944099 0.45419254658385083 0.11801242236024848
1 0.3761645962732919 0.46480331262939956 0.451863354037267 0.10144927536231883
1 0.37907608695652173 0.5838509316770186 0.46001552795031053 0.10351966873706012
1 0.3674301242236025 0.6904761904761904 0.44836956521739135 0.09730848861283632
1 0.3680124223602485 0.798136645962733 0.44021739130434784 0.0890269151138716
0 0.8321040372670807 0.468944099378882 0.19681677018633537 0.6728778467908902
0 0.8717003105590061 0.09109730848861285 0.022127329192546483 0.06211180124223604
0 0.07861024844720496 0.10973084886128365 0.029114906832298146 0.06211180124223604
0 0.04541925465838509 0.10559006211180125 0.020962732919254656 0.041407867494824016
1 0.7622282608695652 0.8426501035196687 0.059394409937888214 0.020703933747411866
1 0.9008152173913042 0.839544513457557 0.06871118012422357 0.035196687370600305
