1 0.2474767080745341 0.10144927536231883 0.17585403726708074 0.03312629399585921
0 0.2579580745341615 0.422360248447205 0.19681677018633537 0.24430641821946167
0 0.703416149068323 0.29710144927536236 0.1933229813664596 0.28364389233954457
0 0.702251552795031 0.7070393374741201 0.20962732919254662 0.46169772256728786
1 0.6661490683229814 0.10766045548654243 0.025621118012422242 0.028985507246376815
1 0.7051630434782608 0.10869565217391304 0.03377329192546569 0.043478260869565216
1 0.736024844720497 0.11387163561076605 0.016304347826087025 0.05797101449275362
1 0.7587344720496894 0.11180124223602483 0.015139751552794962 0.04554865424430643
1 0.7878493788819876 0.11180124223602483 0.029114906832298146 0.04140786749482404
1 0.1904114906832298 0.14596273291925466 0.059394409937888214 0.018633540372670794
1 0.3720885093167702 0.21325051759834365 0.40411490683229817 0.09937888198757758
1 0.4675854037267081 0.4596273291925466 0.21545031055900615 0.3188405797101449
1 0.24398291925465834 0.6304347826086957 0.17818322981366458 0.035196687370600374
1 0.36917701863354035 0.7349896480331265 0.42857142857142855 0.10766045548654248
1 0.36626552795031053 0.8685300207039337 0.4204192546583851 0.11801242236024848
