1 0.7376404494382023 0.11985018726591762 0.30674157303370786 0.04394506866416977
1 0.5224719101123596 0.28164794007490634 0.2359550561797753 0.051935081148564315
1 0.42865168539325843 0.3265917602996255 0.04606741573033716 0.0019975031210986314
1 0.4837078651685394 0.3515605493133583 0.1606741573033708 0.07191011235955055
1 0.5073033707865169 0.40749063670411984 0.2056179775280899 0.0359550561797753
1 0.6101123595505619 0.48738776903402586 0.4067415730337079 0.07990012484394506
1 0.4455056179775281 0.5443196004993758 0.08426966292134828 0.029962546816479474
1 0.6185393258426967 0.583270911360799 0.43033707865168547 0.02397003745318344
1 0.44550561797752813 0.6242197253433208 0.07752808988764044 0.02596754057428221
1 0.6224719101123596 0.7131086142322098 0.43820224719101125 0.12784019975031213
1 0.4730337078651685 0.8609238451935082 0.13932584269662918 0.0998751560549313
1 0.7926966292134832 0.8229712858926342 0.2101123595505618 0.055930087390761545
0 0.25112359550561797 0.583270911360799 0.28876404494382024 0.7270911360799002
