0 0.1459750566893424 0.31746031746031744 0.11337868480725623 0.09523809523809522
0 0.14314058956916098 0.510204081632653 0.11054421768707484 0.09523809523809518
0 0.1459750566893424 0.7097505668934241 0.11337868480725623 0.09523809523809533
0 0.14243197278911565 0.9002267573696144 0.10912698412698414 0.06802721088435376
0 0.7929421768707482 0.5328798185941044 0.2026643990929705 0.29024943310657597
1 0.784438775510204 0.727891156462585 0.1913265306122449 0.045351473922902556
1 0.7979024943310656 0.7868480725623583 0.15873015873015872 0.05442176870748284
1 0.7957766439909296 0.8582766439909298 0.16298185941043072 0.05668934240362816
1 0.8007369614512472 0.9160997732426304 0.15873015873015872 0.018140589569160852
1 0.44571995464852604 0.3401360544217687 0.44075963718820865 0.18140589569161
1 0.4464285714285714 0.6156462585034014 0.45068027210884354 0.30612244897959184
1 0.4464285714285714 0.8503401360544218 0.45068027210884354 0.14512471655328796
1 0.14314058956916098 0.4047619047619048 0.11054421768707484 0.06575963718820865
1 0.14526643990929705 0.6043083900226758 0.12329931972789115 0.07029478458049887
1 0.14101473922902494 0.7970521541950114 0.11196145124716556 0.061224489795918234
1 0.14810090702947845 0.23922902494331066 0.10629251700680271 0.04308390022675738
1 0.26927437641723356 0.18820861678004533 0.35147392290249435 0.03628117913832199
1 0.796485260770975 0.2709750566893424 0.10204081632653057 0.02494331065759635
