0 0.17418351477449456 0.4949023673751512 0.286158631415241 0.4589597373423189
1 0.5590979782270606 0.3124243995161569 0.39657853810264393 0.13824088474166235
1 0.19051321928460344 0.21427337134957664 0.374805598755832 0.03041299464316573
1 0.45645412130637636 0.42578192500431994 0.18818040435458783 0.07741489545533092
1 0.43079315707620525 0.5059616381544843 0.13374805598755835 0.049766718506998445
1 0.42223950233281493 0.6455849317435631 0.11353032659409024 0.09676861931916356
1 0.4160186625194402 0.705028512182478 0.13530326594090206 0.02211854155866604
1 0.49377916018662515 0.840504579229307 0.2690513219284603 0.2101261448073268
1 0.8374805598755831 0.308277172973907 0.09486780715396577 0.06359080698116465
1 0.875583203732504 0.4354587869362364 0.18351477449455672 0.19630205633316053
1 0.857698289269051 0.5488055627444034 0.1321928460342143 0.024861859893508552
1 0.7340590979782271 0.656644202522896 0.049766718506998445 0.02488335925349915
1 0.8250388802488337 0.6027302574736478 0.06998444790046662 0.027648176948332548
1 0.8771384136858476 0.6580266113703128 0.17418351477449448 0.07741489545533092
1 0.8343701399688959 0.7077933298773113 0.10108864696734045 0.033177812337998915
1 0.8872472783825817 0.7796618682185382 0.1664074650077761 0.09953343701399689
1 0.8786936236391912 0.9234491100743045 0.18662519440124414 0.1327112493519958
