1 0.26516853932584267 0.2257178526841448 0.10786516853932586 0.055930087390761545
1 0.06685393258426967 0.27166042446941324 0.07528089887640449 0.0359550561797753
1 0.04606741573033707 0.3046192259675406 0.031460674157303366 0.021972534332084914
1 0.0544943820224719 0.3365792759051186 0.052808988764044947 0.021972534332084875
1 0.05 0.36853932584269655 0.032584269662921356 0.021972534332084948
1 0.06235955056179776 0.4034956304619226 0.05955056179775282 0.03196004993757803
1 0.06292134831460673 0.43545568039950056 0.06516853932584268 0.027965043695380772
1 0.09943820224719101 0.484394506866417 0.13370786516853933 0.06192259675405737
1 0.0550561797752809 0.5553058676654182 0.04943820224719102 0.05193508114856442
1 0.05674157303370785 0.6062421972534332 0.050561797752808973 0.021972534332084948
1 0.05393258426966293 0.6382022471910112 0.047191011235955066 0.02596754057428221
1 0.06348314606741573 0.6731585518102372 0.06179775280898877 0.019975031210986316
1 0.04943820224719102 0.7031210986267166 0.03370786516853933 0.007990012484394526
1 0.052808988764044947 0.7320848938826466 0.035955056179775284 0.009987515605493087
1 0.05 0.7700374531835206 0.039325842696629205 0.017977528089887614
1 0.06404494382022471 0.8049937578027465 0.060674157303370786 0.02796504369538084
1 0.06179775280898875 0.8369538077403246 0.07191011235955055 0.019975031210986316
1 0.7955056179775281 0.31460674157303375 0.1101123595505618 0.01797752808988765
1 0.7117977528089888 0.267665418227216 0.025842696629213437 0.031960049937578
1 0.7426966292134831 0.2696629213483146 0.020224719101123584 0.027965043695380772
1 0.7808988764044943 0.267665418227216 0.05393258426966284 0.031960049937578
1 0.8235955056179776 0.26666666666666666 0.022471910112359553 0.03395755305867663
1 0.28820224719101123 0.31161048689138576 0.15168539325842695 0.03995006242197249
1 0.23146067415730337 0.27166042446941324 0.0359550561797753 0.023970037453183473
1 0.2617977528089888 0.2706616729088639 0.022471910112359553 0.02596754057428214
1 0.41797752808988764 0.42047440699126093 0.41348314606741576 0.14581772784019975
1 0.4196629213483146 0.5722846441947566 0.4168539325842697 0.12983770287141083
1 0.24775280898876403 0.6801498127340824 0.07528089887640448 0.03795255930087393
1 0.4185393258426966 0.7270911360799002 0.39887640449438194 0.055930087390761545
1 0.41348314606741565 0.8549313358302123 0.3932584269662921 0.18377028714107368
0 0.7404494382022472 0.6861423220973782 0.17303370786516836 0.529338327091136
1 0.7404494382022472 0.37453183520599254 0.06966292134831463 0.03795255930087386
