1 0.05337078651685394 0.1927590511860175 0.04382022471910112 0.02596754057428214
1 0.06292134831460673 0.8189762796504368 0.06516853932584268 0.01598002496878891
1 0.057303370786516844 0.5493133583021224 0.05168539325842696 0.03196004993757803
1 0.08146067415730338 0.6152309612983771 0.0955056179775281 0.023970037453183508
1 0.09606741573033707 0.34956304619225975 0.13820224719101123 0.027965043695380772
1 0.07808988764044944 0.4184769038701623 0.08651685393258428 0.029962546816479405
1 0.058426966292134834 0.720099875156055 0.060674157303370786 0.029962546816479262
1 0.07865168539325842 0.484394506866417 0.10561797752808989 0.03795255930087393
0 0.8196629213483146 0.20774032459425718 0.2730337078651687 0.2317103620474407
0 0.8769662921348313 0.8429463171036204 0.14719101123595507 0.17578027465667914
1 0.447752808988764 0.15081148564294633 0.47303370786516846 0.1058676654182272
1 0.3561797752808989 0.2257178526841448 0.2831460674157303 0.03995006242197253
1 0.45224719101123595 0.2876404494382022 0.47528089887640446 0.08389513108614227
1 0.5904494382022472 0.398501872659176 0.753932584269663 0.1298377028714107
1 0.597752808988764 0.5113607990012484 0.7640449438202248 0.08789013732833957
1 0.594943820224719 0.6242197253433208 0.7876404494382021 0.14581772784019967
1 0.32134831460674157 0.7230961298377028 0.21348314606741567 0.031960049937577964
1 0.5028089887640449 0.8469413233458176 0.5831460674157304 0.20774032459425712
