1 0.06348314606741573 0.1268414481897628 0.0797752808988764 0.03395755305867667
1 0.11179775280898877 0.5662921348314608 0.1449438202247191 0.029962546816479474
1 0.06123595505617978 0.7310861423220973 0.06629213483146067 0.02796504369538084
1 0.06404494382022471 0.6322097378277154 0.07640449438202247 0.029962546816479405
1 0.09325842696629212 0.2636704119850187 0.10561797752808989 0.03196004993757803
1 0.06348314606741573 0.39550561797752803 0.0640449438202247 0.03196004993757803
1 0.05 0.4634207240948814 0.052808988764044947 0.0359550561797753
1 0.05674157303370787 0.19076154806491885 0.04831460674157304 0.03395755305867667
1 0.26853932584269663 0.11585518102372035 0.10786516853932582 0.03196004993757803
1 0.5084269662921348 0.18976279650436953 0.5921348314606741 0.10786516853932582
1 0.24831460674157305 0.2756554307116105 0.06741573033707865 0.031960049937578
1 0.49943820224719104 0.3215980024968789 0.5741573033707865 0.04794007490636705
1 0.2601123595505618 0.38052434456928835 0.11123595505617978 0.045942571785268456
1 0.5106741573033708 0.42746566791510615 0.5921348314606741 0.047940074906367085
1 0.5151685393258427 0.5383270911360799 0.6056179775280899 0.16579275905118607
1 0.28876404494382024 0.6491885143570536 0.14831460674157307 0.03995006242197256
1 0.5179775280898876 0.7540708945279074 0.6179775280898876 0.12586962925556566
1 0.252247191011236 0.8469413233458176 0.07977528089887638 0.0279650436953807
1 0.4803370786516854 0.8968789013732834 0.5337078651685394 0.0639200998751562
0 0.8848314606741573 0.23270911360799004 0.14269662921348314 0.2536828963795256
0 0.8949438202247191 0.6002496878901372 0.13146067415730328 0.34157303370786507
