1 0.07865168539325842 0.2087390761548065 0.10561797752808989 0.20973782771535582
1 0.0949438202247191 0.40249687890137326 0.12247191011235956 0.16179775280898873
1 0.09775280898876403 0.5283395755305867 0.1348314606741573 0.08189762796504368
1 0.1050561797752809 0.6222222222222222 0.14943820224719104 0.10187265917602993
1 0.09325842696629212 0.7690387016229713 0.1438202247191011 0.17977528089887643
1 0.48707865168539327 0.11685393258426967 0.5516853932584269 0.049937578027465665
1 0.5033707865168539 0.2406991260923845 0.5730337078651685 0.19375780274656676
1 0.48707865168539327 0.42247191011235957 0.5426966292134832 0.16579275905118607
1 0.4455056179775281 0.545315359545886 0.4617977528089888 0.08389513108614231
1 0.4483146067415731 0.6362047440699127 0.46741573033707867 0.08189762796504375
1 0.3140449438202247 0.7151061173533084 0.201123595505618 0.05193508114856428
1 0.5803370786516853 0.7690387016229713 0.742696629213483 0.055930087390761545
0 0.2735955056179775 0.8818976279650437 0.11797752808988761 0.1298377028714107
0 0.8792134831460675 0.1957553058676654 0.151685393258427 0.2157303370786517
0 0.902247191011236 0.5153558052434457 0.10112359550561792 0.18776529338327103
0 0.7735955056179776 0.5133583021223471 0.14719101123595507 0.17977528089887648
1 0.6494382022471911 0.8709113607990011 0.6112359550561798 0.1318352059925094
