1 0.6290824261275272 0.3442198030067392 0.2970451010886469 0.3621911180231554
1 0.5956454121306376 0.5598636391148486 0.17729393468118196 0.06359080698116472
1 0.5645412130637636 0.7257646448937274 0.11508553654743395 0.06912044237083123
1 0.8258164852255055 0.20734460538805613 0.08398133748055997 0.07741489545533092
1 0.8709175738724727 0.2792465871781579 0.14618973561430793 0.049766718506998445
1 0.8818040435458786 0.3718679799550717 0.17418351477449462 0.09123898392949713
1 0.8600311041990668 0.44375324002073613 0.14618973561430793 0.024883359253499222
1 0.8771384136858476 0.521168135476067 0.17418351477449448 0.10229825470883014
1 0.8452566096423016 0.5902885778468981 0.09486780715396577 0.03594263003283217
1 0.8802488335925349 0.6746155175393121 0.17418351477449462 0.09953343701399682
1 0.8522550544323484 0.7935026784171418 0.11819595645412136 0.033177812337998915
1 0.8779160186625193 0.8543286677034733 0.18195956454121315 0.055296353896665096
1 0.6384136858475895 0.9054777950578884 0.2690513219284604 0.16865387938482798
0 0.2900466562986003 0.5709348539830654 0.4059097978227061 0.7271470537411439
