1 0.2742624223602484 0.1863354037267081 0.13625776397515524 0.07867494824016565
1 0.280667701863354 0.27950310559006214 0.14440993788819875 0.06625258799171842
1 0.2841614906832298 0.3902691511387164 0.1490683229813665 0.05590062111801238
1 0.28008540372670804 0.5 0.14324534161490682 0.06418219461697725
1 0.28008540372670804 0.6159420289855072 0.14091614906832298 0.0683229813664596
1 0.2795031055900621 0.7142857142857143 0.14440993788819875 0.062111801242236024
1 0.38784946338251514 0.8260869565217382 0.0465389964742913 0.06625258799171985
1 0.4908773291925465 0.8281573498964804 0.15256211180124218 0.0786749482401656
1 0.48971273291925466 0.717391304347826 0.14790372670807458 0.0683229813664596
1 0.49611801242236025 0.6097308488612836 0.1630434782608696 0.06418219461697725
1 0.48505434782608686 0.4989648033126294 0.14324534161490682 0.06625258799171839
1 0.4868012422360248 0.38923395445134573 0.1467391304347826 0.06625258799171846
1 0.4862189440993788 0.2836438923395445 0.14324534161490682 0.06625258799171839
1 0.4902950310559006 0.17908902691511386 0.1490683229813665 0.07660455486542443
0 0.1793478260869565 0.18322981366459626 0.04891304347826088 0.06418219461697722
0 0.17934782608695649 0.2867494824016563 0.04425465838509316 0.05590062111801242
0 0.1793478260869565 0.3944099378881987 0.04891304347826088 0.06004140786749488
0 0.17993012422360244 0.5093167701863354 0.050077639751552765 0.07453416149068325
0 0.17934782608695649 0.6149068322981366 0.04425465838509316 0.06625258799171846
0 0.18051654164715117 0.7256728778467911 0.046592089505482645 0.064182194616977
0 0.16013198757763975 0.798136645962733 0.003493788819875796 0.002070393374741144
0 0.17993012422360244 0.826086956521739 0.04541925465838508 0.057971014492753596
0 0.3883928571428571 0.18322981366459626 0.04309006211180119 0.06418219461697722
0 0.701086956521739 0.2908902691511387 0.19332298136645953 0.27950310559006214
0 0.3883928571428571 0.4006211180124224 0.04309006211180119 0.05590062111801238
0 0.38781055900621114 0.28674948240165626 0.04658385093167702 0.0641821946169772
0 0.38781055900621114 0.5051759834368531 0.0512422360248447 0.07039337474120082
0 0.3860636645962732 0.6159420289855072 0.04774844720496887 0.05590062111801245
0 0.38781055900621114 0.7287784679089028 0.0512422360248447 0.062111801242236024
1 0.28125 0.826086956521739 0.14091614906832295 0.07453416149068304
0 0.483889751552795 0.9109730848861284 0.6486801242236025 0.062111801242236024
