0 0.20373250388802494 0.5197857266286505 0.3265940902021774 0.5197857266286505
1 0.20995334370139968 0.8197254477980759 0.16796267496111972 0.09676861931916364
1 0.5730948678071539 0.30827717297390705 0.39346811819595634 0.1410057024364956
1 0.5388802488335925 0.40366338344565406 0.34059097978227065 0.0663556246759979
1 0.45178849144634525 0.5170209089338172 0.15396578538102637 0.11612234318299641
1 0.45645412130637636 0.6027302574736478 0.19440124416796267 0.04423708311733193
1 0.5707620528771384 0.7174701918092277 0.385692068429238 0.12441679626749619
1 0.8553654743390356 0.2847762225678244 0.13685847589424568 0.049766718506998445
1 0.8794712286158631 0.40642820114048733 0.18506998444790043 0.17141869707966137
1 0.8491446345256609 0.5059616381544843 0.18662519440124414 0.06082598928633139
1 0.8794712286158631 0.6690858821496458 0.18195956454121315 0.24330395714532585
1 0.82348367029549 0.8170036288232245 0.11975116640746492 0.03594263003283217
1 0.8833592534992224 0.9137722481423881 0.19595645412130636 0.11888716087782968
