0 0.25083426028921024 0.471635150166852 0.2636262513904339 0.49635397355085886
1 0.6529477196885429 0.26300828080583366 0.4983314794215796 0.039550117414411085
1 0.5055617352614016 0.3015696452848844 0.20800889877641823 0.029662588060808303
1 0.46551724137931033 0.35397355085897914 0.1323692992213571 0.06723519960449885
1 0.44382647385984425 0.4113212211098751 0.07786429365962177 0.027685082190087727
1 0.6262513904338154 0.5190952910641454 0.4449388209121247 0.16808799901124707
1 0.424916573971079 0.6436781609195402 0.037819799777530604 0.03361759980224946
1 0.5934371523915462 0.6397231491780991 0.23692992213570627 0.04548263502657271
1 0.5344827586206897 0.6852057842046719 0.11902113459399324 0.021752564577926136
1 0.42658509454949944 0.7791373130638982 0.038932146829810964 0.03164009393152881
1 0.5561735261401557 0.7900135953528613 0.1624026696329254 0.06525769373377827
1 0.4883203559510567 0.8799901124706463 0.1690767519466074 0.09492028179458671
1 0.7597330367074528 0.8483500185391175 0.19799777530589538 0.039550117414410974
1 0.24582869855394882 0.7890248424175009 0.307007786429366 0.10283030527746888
1 0.7408231368186874 0.11667284637251267 0.2958843159065628 0.039550117414411085
1 0.9104560622914348 0.22840192806822393 0.04560622914349267 0.0217525645779261
0 0.37152391546162405 0.11766159930787293 0.3759733036707453 0.05339265850945493
