1 0.20788043478260868 0.10662525879917183 0.0570652173913043 0.01863354037267081
1 0.3872282608695652 0.11180124223602483 0.2853260869565217 0.04140786749482404
1 0.3592779503105589 0.29399585921325055 0.40411490683229806 0.22774327122153212
1 0.3761645962732919 0.5258799171842651 0.44720496894409933 0.17391304347826086
1 0.37441770186335405 0.7474120082815736 0.44138198757763975 0.24016563146997938
1 0.36743012422360244 0.9109730848861284 0.41576086956521735 0.05383022774327117
1 0.6545031055900621 0.15320910973084886 0.12810559006211178 0.03726708074534162
1 0.6993400621118012 0.2122153209109731 0.21079192546583847 0.05175983436852999
1 0.6911878881987578 0.2888198757763975 0.18982919254658392 0.07246376811594199
1 0.687694099378882 0.36645962732919257 0.18517080745341624 0.04968944099378881
0 0.11354813664596271 0.42960662525879917 0.08501552795031056 0.6894409937888198
0 0.8489906832298135 0.427536231884058 0.08618012422360252 0.701863354037267
0 0.7039984472049688 0.55175983436853 0.2014751552795031 0.2960662525879917
1 0.6591804851728371 0.7639751552795032 0.10951003866865552 0.02898550724637677
1 0.6667313664596273 0.8012422360248448 0.07802795031055894 0.024844720496894297
1 0.7523291925465838 0.8033126293995859 0.05822981366459629 0.02484472049689458
1 0.6416925465838509 0.8405797101449275 0.04192546583850934 0.02070393374741215
1 0.7371894409937887 0.8478260869565217 0.12111801242236027 0.035196687370600444
