0 0.24972191323692994 0.47163515016685204 0.2814238042269188 0.48053392658509453
1 0.24805339265850945 0.7850698306760597 0.3114571746384872 0.09492028179458657
1 0.6412680756395995 0.25806451612903225 0.4682981090100112 0.033617599802249425
1 0.5122358175750834 0.29662588060808304 0.21690767519466078 0.03164009393152885
1 0.5094549499443827 0.36979359782474364 0.2091212458286985 0.08701025831170434
1 0.4454949944382648 0.4370287974292424 0.0812013348164627 0.023730070448646712
1 0.6262513904338154 0.5378815968359906 0.4449388209121247 0.17006550488196764
1 0.5233592880978866 0.6674082313681867 0.24360400444938818 0.033617599802249314
1 0.53559510567297 0.7049808429118773 0.11902113459399331 0.02966258806080816
1 0.42992213570634036 0.7959461129650228 0.03670745272525032 0.03361759980224946
1 0.5394883203559511 0.8008898776418242 0.14682981090100106 0.06328018786305761
1 0.42714126807563957 0.8671363243109628 0.05339265850945488 0.029662588060808303
1 0.53559510567297 0.8997651711778519 0.1279199110122358 0.09096527005314542
1 0.764738598442714 0.8720800889877642 0.20133481646273638 0.03164009393152881
1 0.7447163515016686 0.11963910517859348 0.31479421579532824 0.04943764676801383
