1 0.4549319727891157 0.2675736961451247 0.453514739229025 0.14512471655328796
1 0.2685657596371882 0.3582766439909297 0.08361678004535147 0.027210884353741492
1 0.2869897959183674 0.41156462585034015 0.11479591836734691 0.06575963718820858
1 0.2813208616780045 0.5215419501133787 0.12329931972789122 0.06802721088435376
1 0.2784863945578231 0.6439909297052153 0.12046485260770975 0.04535147392290242
1 0.4832766439909297 0.41156462585034015 0.0935374149659863 0.06575963718820858
1 0.4967403628117914 0.5260770975056689 0.12613378684807253 0.06802721088435376
1 0.49178004535147396 0.6496598639455782 0.11337868480725626 0.06575963718820865
0 0.3840702947845805 0.4160997732426304 0.07369614512471656 0.06122448979591837
0 0.38619614512471656 0.5317460317460317 0.0694444444444445 0.06122448979591844
0 0.38619614512471656 0.6541950113378685 0.0694444444444445 0.056689342403628086
0 0.6001984126984127 0.6564625850340136 0.07227891156462583 0.056689342403628086
0 0.5994897959183674 0.4160997732426304 0.07086167800453509 0.056689342403628086
0 0.5980680744624645 0.5306122448979589 0.07087065379615973 0.06349206349206343
0 0.8007369614512472 0.37414965986394555 0.13888888888888887 0.20861678004535147
0 0.14951814058956917 0.29024943310657597 0.12046485260770973 0.108843537414966
0 0.1544784580498866 0.48526077097505665 0.11621315192743761 0.09977324263038546
0 0.14951814058956917 0.6791383219954649 0.11196145124716553 0.09750566893424044
0 0.1473922902494331 0.8752834467120181 0.11337868480725623 0.10430839002267575
1 0.14810090702947845 0.7664399092970521 0.11196145124716553 0.07256235827664398
1 0.14526643990929705 0.5714285714285715 0.10912698412698413 0.06802721088435376
1 0.14951814058956917 0.3752834467120181 0.10629251700680271 0.07029478458049887
1 0.15235260770975056 0.20861678004535147 0.10062358276643991 0.027210884353741492
1 0.37910997732426294 0.15306122448979592 0.5626417233560089 0.034013605442176846
1 0.7454648526077097 0.2392290249433107 0.09070294784580497 0.034013605442176915
1 0.85671768707483 0.2380952380952381 0.0836167800453515 0.04081632653061227
1 0.35714285714285715 0.108843537414966 0.06802721088435376 0.040816326530612256
1 0.43934240362811794 0.10317460317460317 0.09070294784580497 0.029478458049886615
1 0.5017006802721088 0.10770975056689341 0.02834467120181401 0.03401360544217687
1 0.5569727891156462 0.11224489795918366 0.07086167800453509 0.03854875283446711
1 0.7312925170068028 0.1054421768707483 0.051020408163265356 0.029478458049886615
