1 0.09957298136645962 0.12939958592132506 0.18517080745341613 0.07246376811594203
1 0.4763198757763975 0.13146997929606627 0.49145962732919246 0.06418219461697726
1 0.3377404712806467 0.2722567287784679 0.5077790792072564 0.11801242236024852
1 0.343555900621118 0.432712215320911 0.5124223602484471 0.1490683229813665
1 0.34763198757763975 0.6045548654244306 0.5252329192546583 0.14492753623188398
1 0.3528726708074534 0.7453416149068324 0.5217391304347826 0.11594202898550719
0 0.7738742236024844 0.3778467908902692 0.19681677018633537 0.30848861283643886
0 0.5025232919254659 0.9037267080745341 0.5857919254658385 0.08488612836438932
0 0.8367624223602484 0.14182194616977226 0.029114906832298146 0.06832298136645963
0 0.8670419254658384 0.13561076604554867 0.022127329192546626 0.06418219461697725
0 0.8932453416149068 0.13975155279503107 0.02329192546583869 0.06004140786749481
0 0.9136257763975155 0.13975155279503107 0.010481366459627424 0.051759834368530024
