1 0.5629860031104199 0.3911930380055832 0.463452566096423 0.246068774840159
1 0.4276827371695179 0.5626404008985658 0.19284603421461896 0.0691204423708313
1 0.3926905132192846 0.6303784344219803 0.12286158631415241 0.05529635389666496
1 0.38491446345256614 0.705028512182478 0.11041990668740283 0.03870744772766543
1 0.4626749611197512 0.8584758942457232 0.2659409020217729 0.22395023328149308
1 0.8367029548989113 0.3511342360615991 0.08087091757387242 0.060825989286331435
1 0.8856920684292381 0.4548172884356225 0.18818040435458708 0.17419307004560175
1 0.8608087091757386 0.5626212903563517 0.15085536547433903 0.058061171591498206
1 0.8771384136858476 0.6552617936754795 0.17418351477449448 0.11612234318299634
1 0.8475894245723172 0.7243822360463108 0.11819595645412136 0.033177812337998915
1 0.8841368584758943 0.811473993433558 0.18506998444790043 0.11335752548816316
1 0.8600311041990669 0.8902712977363055 0.1524105754276826 0.04423708311733193
0 0.16951788491446343 0.5087264558493174 0.2954898911353033 0.45343010195265243
0 0.1578538102643857 0.8142388111283912 0.31259720062208396 0.09676861931916364
