1 0.3876133786848072 0.20294784580498867 0.32454648526077096 0.03401360544217688
0 0.4613095238095238 0.40022675736961455 0.4776077097505669 0.4285714285714286
1 0.5945294784580498 0.6859410430839001 0.15731292517006806 0.03854875283446717
1 0.651218820861678 0.7845804988662133 0.04109977324263049 0.0408163265306122
1 0.29478458049886624 0.7845804988662133 0.13038548752834467 0.036281179138321844
1 0.26785714285714285 0.7392290249433107 0.09637188208616781 0.02721088435374156
1 0.2799036281179138 0.8571428571428572 0.0779478458049887 0.02721088435374142
1 0.8269557823129251 0.23582766439909297 0.1941609977324262 0.06802721088435376
1 0.8914399092970521 0.29591836734693877 0.0992063492063491 0.020408163265306135
1 0.8361678004535148 0.31746031746031744 0.07086167800453523 0.01814058956916103
0 0.8382936507936507 0.14285714285714285 0.20833333333333343 0.10884353741496597
1 0.687358276643991 0.11564625850340135 0.03968253968253961 0.03174603174603174
1 0.46272675736961444 0.17006802721088438 0.08361678004535143 0.02721088435374151
1 0.46768707482993194 0.11564625850340135 0.04818594104308382 0.03628117913832199
1 0.2784863945578231 0.11337868480725626 0.06944444444444446 0.0453514739229025
1 0.08999433106575962 0.15532879818594103 0.06094104308390022 0.0385487528344671
1 0.0744047619047619 0.2222222222222222 0.0439342403628118 0.03628117913832199
1 0.13392857142857142 0.21768707482993196 0.018424036281179123 0.027210884353741492
1 0.11833900226757368 0.2834467120181406 0.06094104308390024 0.02267573696145121
1 0.10345804988662131 0.32539682539682535 0.04251700680272109 0.034013605442176846
1 0.09708049886621314 0.3786848072562358 0.012755102040816322 0.0408163265306122
1 0.11125283446712018 0.4285714285714286 0.06094104308390023 0.03628117913832206
1 0.10558390022675736 0.4829931972789116 0.03826530612244898 0.04081632653061227
1 0.10487528344671201 0.5238095238095238 0.03684807256235828 0.04081632653061227
1 0.11621315192743766 0.5804988662131519 0.05102040816326531 0.03628117913832199
1 0.12188208616780045 0.6281179138321995 0.07086167800453516 0.03628117913832199
1 0.1296768707482993 0.6825396825396826 0.07511337868480725 0.03174603174603177
1 0.11054421768707483 0.727891156462585 0.03968253968253968 0.03174603174603177
1 0.10983560090702948 0.7789115646258503 0.03543083900226758 0.02040816326530603
1 0.12046485260770975 0.8253968253968254 0.05952380952380951 0.02721088435374142
1 0.12188208616780045 0.8922902494331066 0.06519274376417233 0.02947845804988674
