1 0.1487915407854985 0.13897280966767372 0.03172205438066463 0.026586102719033226
1 0.20996978851963746 0.14018126888217522 0.057401812688821746 0.029003021148036226
1 0.27190332326283984 0.14018126888217522 0.060422960725075504 0.024169184290030205
1 0.3391238670694864 0.14138972809667674 0.05891238670694861 0.02658610271903321
1 0.38670694864048344 0.13897280966767372 0.02719033232628398 0.021752265861027187
1 0.42900302114803623 0.13897280966767372 0.05135951661631424 0.021752265861027187
1 0.4879154078549849 0.13897280966767372 0.048338368580060374 0.021752265861027187
1 0.5460725075528701 0.13897280966767372 0.049848942598187305 0.021752265861027187
1 0.6064954682779455 0.14018126888217522 0.06797583081571006 0.024169184290030205
1 0.6752265861027189 0.14018126888217522 0.05740181268882182 0.01933534743202417
1 0.7273413897280967 0.14138972809667674 0.0317220543806647 0.031419939577039244
1 0.44033232628398794 0.286404833836858 0.445619335347432 0.15226586102719034
1 0.44561933534743203 0.4507552870090635 0.4501510574018127 0.14743202416918436
1 0.44486404833836857 0.5740181268882175 0.45166163141993965 0.08942598187311177
0 0.1472809667673716 0.31540785498489426 0.11329305135951662 0.09909365558912384
1 0.2628398791540786 0.634441087613293 0.08157099697885198 0.026586102719033135
1 0.2787009063444109 0.6924471299093656 0.1132930513595166 0.06042296072507554
1 0.4901812688821752 0.6900302114803626 0.11329305135951656 0.07009063444108761
1 0.2734138972809667 0.7915407854984895 0.09969788519637458 0.07009063444108761
1 0.4886706948640483 0.8120845921450152 0.11631419939577035 0.07734138972809675
0 0.3806646525679758 0.6960725075528701 0.06948640483383685 0.05800604229607245
0 0.5936555891238671 0.6996978851963747 0.06948640483383678 0.06042296072507554
0 0.37990936555891236 0.7963746223564954 0.07099697885196378 0.06525679758308157
0 0.37990936555891236 0.8966767371601208 0.07401812688821764 0.05800604229607259
0 0.14652567975830816 0.7093655589123867 0.11178247734138973 0.0942598187311178
0 0.14501510574018128 0.5135951661631419 0.11178247734138973 0.09909365558912392
0 0.1457703927492447 0.8894259818731117 0.11027190332326282 0.07250755287009056
1 0.27870090634441086 0.8821752265861028 0.11027190332326281 0.03867069486404816
1 0.4909365558912387 0.9039274924471299 0.11178247734138971 0.038670694864048304
0 0.5921450151057401 0.9075528700906343 0.07250755287009056 0.045921450151057426
1 0.783987915407855 0.3274924471299094 0.1903323262839879 0.04108761329305139
1 0.7983383685800604 0.3818731117824774 0.1706948640483384 0.04350453172205441
1 0.8036253776435046 0.4495468277945619 0.17522658610271905 0.04350453172205441
1 0.7990936555891238 0.518429003021148 0.163141993957704 0.05075528700906347
1 0.26963746223564955 0.18489425981873112 0.35800604229607247 0.041087613293051356
1 0.7613293051359517 0.13897280966767372 0.024169184290030187 0.0362537764350453
