1 0.746384872080089 0.12260536398467434 0.3047830923248054 0.03164009393152885
1 0.5583982202447164 0.2817945865776789 0.3003337041156841 0.053392658509454946
1 0.4799777530589544 0.3460635273760969 0.14349276974416014 0.07119021134593993
1 0.5311457174638488 0.40637745643307377 0.2591768631813126 0.03361759980224946
1 0.4221357063403782 0.49042145593869735 0.02780867630700783 0.027685082190087727
1 0.5022246941045606 0.5823754789272031 0.19466073414905444 0.03757261154369054
1 0.44327030033370407 0.6268693610184155 0.07230255839822028 0.03164009393152895
1 0.6268075639599555 0.7346434309726857 0.4371523915461624 0.16413298726980585
1 0.4727474972191324 0.8879001359535286 0.13348164627363737 0.09096527005314556
1 0.7981090100111234 0.8612038066988013 0.19911012235817566 0.03757261154369061
0 0.5789766407119021 0.518106538128785 0.2124582869855395 0.09492028179458657
1 0.2274749721913237 0.8612038066988013 0.3503893214682981 0.08503275244098375
0 0.25250278086763067 0.5111852675812631 0.27586206896551724 0.5833642318625634
