1 0.6034214618973561 0.18800760324866078 0.3141524105754277 0.11059270779332989
1 0.49455676516329716 0.24743446196313823 0.09642301710730948 0.03041299464316573
1 0.5474339035769828 0.279225087818167 0.20839813374805602 0.04423708311733193
1 0.5202177293934681 0.3594358555994292 0.13530326594090197 0.022118541558665966
1 0.5326594090202178 0.4243995161569034 0.15707620528771385 0.07465007776049774
1 0.5194401244167963 0.4810782789009849 0.13685847589424577 0.033177812337998984
1 0.557542768273717 0.5239329531709003 0.18506998444790043 0.0525315362018317
1 0.6096423017107309 0.6317608432693969 0.3234836702954898 0.1188871608778296
1 0.48833592534992204 0.8156498857891289 0.07465007776049765 0.04417975149068932
1 0.5622083981337481 0.8225332642128911 0.045101088646967255 0.03594263003283217
1 0.6376360808709176 0.8156212199758079 0.07465007776049774 0.06635562467599797
1 0.7107309486780715 0.8170036288232245 0.052877138413685854 0.04700190081216519
1 0.5132192846034215 0.936841195783653 0.14618973561430784 0.12631760843269405
1 0.8530326594090204 0.19353723863832728 0.12286158631415234 0.04976671850699841
1 0.8732503888024883 0.26265051455582816 0.1726283048211509 0.08847416623466386
1 0.8506998444790048 0.3234836702954899 0.13374805598755826 0.027648176948332513
1 0.8273716951788491 0.37601520649732156 0.09953343701399689 0.04423708311733193
1 0.8786936236391912 0.48246068774840156 0.16485225505443238 0.12994643165716263
0 0.2503888024883359 0.5806117159149818 0.33281493001555207 0.8239156730603076
0 0.4976671850699844 0.7603344213502499 0.031104199066874047 0.03870744772766543
0 0.5707620528771384 0.7644625373502856 0.04043545878693628 0.058061171591498206
0 0.6399688958009331 0.7534128218420599 0.029548989113530412 0.07465007776049774
0 0.7091757387247278 0.7547952306894765 0.06842923794712277 0.07188526006566448
