1 0.07191011235955055 0.14481897627965043 0.08764044943820223 0.06991260923845194
1 0.10112359550561799 0.264669163545568 0.14157303370786517 0.16579275905118598
1 0.07078651685393257 0.43146067415730344 0.08764044943820223 0.1558052434456929
1 0.0747191011235955 0.6142322097378277 0.0955056179775281 0.20574282147315856
1 0.2691011235955056 0.10486143257258018 0.11123595505617978 0.029962546816479422
1 0.5112359550561798 0.16279650436953808 0.6022471910112359 0.07390761548064917
1 0.45224719101123595 0.24769038701622972 0.14269662921348314 0.06392009987515607
1 0.5837078651685395 0.32359550561797756 0.4056179775280899 0.07990012484394513
1 0.5938202247191011 0.4264669163545568 0.4280898876404494 0.10986267166042453
1 0.4803370786516854 0.5113593027442289 0.20561797752808986 0.04394506866416975
1 0.4617977528089888 0.5563046192259675 0.16179775280898873 0.025967540574282067
1 0.5831460674157303 0.6222222222222222 0.41348314606741576 0.09787765293383281
1 0.5842696629213483 0.7500639182295538 0.4359550561797752 0.12983770287141083
1 0.6528089887640449 0.8928838951310861 0.5820224719101124 0.11985018726591762
0 0.28146067415730336 0.8429463171036204 0.14943820224719104 0.20774032459425726
0 0.2932584269662922 0.5772784019975031 0.15730337078651688 0.21173533083645438
0 0.2949438202247191 0.30262172284644195 0.16292134831460675 0.1697877652933833
0 0.8887640449438203 0.2436953807740324 0.15056179775280895 0.2436953807740324
