1 0.2618104504287407 0.07455268389662029 0.3318724019519248 0.01789264413518887
1 0.22616489614501545 0.11630218687872766 0.15241547348903212 0.025844930417495016
1 0.47568377613109236 0.21669980119284296 0.661286489815317 0.15109343936381708
0 0.47691293317535866 0.38568588469184895 0.3589138569257855 0.1630218687872763
1 0.275331177915671 0.4811133200795229 0.24091478067621214 0.023856858846918527
1 0.2323106813663474 0.5159045725646124 0.16962367210876153 0.025844930417494964
1 0.47322546204255955 0.5556660039761432 0.6465366052841204 0.03379721669980114
1 0.4830587183966907 0.6163021868787277 0.6465366052841204 0.07157057654075544
1 0.29008106244686765 0.6848906560636183 0.27533117791567097 0.0377733598409543
1 0.4769129331753587 0.8031809145129225 0.6588281757267842 0.19483101391650096
