1 0.3726708074534161 0.27846790890269146 0.43090062111801236 0.15942028985507245
1 0.3779114906832298 0.49275362318840576 0.42973602484472045 0.2360248447204968
1 0.3627717391304347 0.6511387163561076 0.39013975155279496 0.05175983436852988
1 0.3633540372670808 0.7308488612836439 0.3982919254658385 0.04968944099378873
1 0.3715062111801242 0.8488612836438924 0.4076086956521739 0.14492753623188406
1 0.7028338509316769 0.17598343685300208 0.1875 0.10766045548654242
1 0.7039984472049688 0.2950310559006211 0.18517080745341608 0.09316770186335405
1 0.6940993788819876 0.7722567287784678 0.1700310559006212 0.07039337474120089
1 0.20904503105590058 0.13561076604554864 0.10364906832298137 0.022774327122153187
1 0.05182453416149068 0.10869565217391304 0.02445652173913043 0.022774327122153205
1 0.08385093167701863 0.10351966873706005 0.027950310559006198 0.04554865424430641
1 0.11937111801242235 0.10351966873706005 0.02445652173913041 0.041407867494824016
1 0.156055900621118 0.10559006211180125 0.04192546583850932 0.041407867494824016
1 0.20089285714285715 0.10248447204968944 0.043090062111801226 0.02691511387163562
1 0.25504658385093165 0.10662525879917183 0.05590062111801242 0.03933747412008282
1 0.3027950310559006 0.10869565217391303 0.02562111801242235 0.03519668737060042
1 0.34297360248447206 0.10973084886128365 0.033773291925465895 0.04554865424430643
1 0.3808229813664596 0.10559006211180125 0.03493788819875775 0.041407867494824016
1 0.4163431677018633 0.10766045548654243 0.024456521739130394 0.03726708074534162
1 0.46234472049689435 0.10973084886128365 0.03959627329192543 0.03312629399585921
1 0.515916149068323 0.10559006211180125 0.060559006211180134 0.041407867494824016
1 0.5700698757763975 0.10662525879917183 0.04774844720496894 0.03519668737060042
1 0.6131599378881988 0.10766045548654243 0.029114906832298146 0.028985507246376815
1 0.6568322981366458 0.10766045548654243 0.03726708074534166 0.028985507246376815
1 0.718555900621118 0.10869565217391304 0.07220496894409933 0.03519668737060042
0 0.09840838509316768 0.48033126293995854 0.10830745341614906 0.6997929606625258
0 0.7028338509316769 0.42132505175983437 0.18517080745341616 0.1180124223602484
0 0.6981754658385093 0.5196687370600414 0.19448757763975152 0.057971014492753596
0 0.6958462732919254 0.6511387163561076 0.19914596273291926 0.16356107660455493
0 0.7005046583850931 0.8830227743271222 0.1991459627329192 0.09316770186335419
0 0.8641304347826088 0.48033126293995865 0.09782608695652172 0.6790890269151139
0 0.8402562111801243 0.10351966873706005 0.0733695652173914 0.03726708074534162
0 0.9043090062111802 0.10248447204968944 0.03610248447204967 0.03519668737060041
