1 0.6470192757550283 0.14612326043737575 0.46135287488619414 0.021868787276341946
1 0.42478222016960543 0.18687872763419486 0.4332216020272797 0.02783300198807158
1 0.5232416751758053 0.26441351888667997 0.6245142574678968 0.12326043737574555
1 0.5457466934629367 0.34095427435387676 0.573877966321851 0.013916500994035843
1 0.544340129819991 0.40556660039761433 0.554186075320611 0.10735586481113316
1 0.5373073116052625 0.47216699801192846 0.5401204388911539 0.01789264413518886
1 0.5387138752482081 0.49204771371769385 0.5485598207488283 0.01789264413518879
1 0.5401204388911539 0.517892644135189 0.5626254571782853 0.021868787276341877
1 0.544340129819991 0.5576540755467196 0.5710648390359596 0.04174950298210739
1 0.544340129819991 0.6083499005964215 0.5598123298923939 0.07952286282306155
1 0.5457466934629367 0.6998011928429423 0.5682517117500682 0.11133200795228618
