0 0.24943820224719104 0.4634207240948814 0.28988764044943827 0.4714107365792759
1 0.24775280898876403 0.7780274656679151 0.29775280898876405 0.08189762796504368
1 0.5887640449438202 0.25967540574282144 0.3730337078651685 0.03196004993757803
1 0.5073033707865169 0.2966292134831461 0.20112359550561792 0.03795255930087393
1 0.5 0.37053682896379525 0.19101123595505626 0.09388264669163547
1 0.44550561797752813 0.4394506866416979 0.07752808988764044 0.02397003745318358
1 0.6196629213483146 0.5423220973782772 0.4258426966292134 0.16978776529338332
1 0.5528089887640449 0.6671660424469414 0.29438202247191014 0.031960049937577964
1 0.48707865168539327 0.7360799001248439 0.1584269662921348 0.07790262172284657
1 0.7258426966292134 0.720099875156055 0.1101123595505618 0.04993757802746572
1 0.5573033707865168 0.8569288389513109 0.3011235955056179 0.12384519350811474
1 0.7410112359550561 0.1188514357053683 0.3067415730337079 0.05393258426966293
