1 0.2748724112588522 0.7774327122153205 0.26792259374904287 0.12215320910973167
1 0.4920419254658384 0.5993788819875776 0.11063664596273291 0.15527950310559
1 0.4920419254658384 0.7836438923395446 0.12228260869565212 0.09316770186335405
1 0.6172360248447205 0.6138716356107661 0.11413043478260881 0.18426501035196685
1 0.6143245341614906 0.8064182194616977 0.11063664596273291 0.13871635610766048
1 0.748253105590062 0.5942028985507245 0.10830745341614914 0.165631469979296
1 0.7441770186335404 0.7587991718426501 0.10947204968944092 0.07660455486542446
1 0.4361413043478261 0.2184265010351967 0.5392080745341614 0.08488612836438925
0 0.2824145962732919 0.5403726708074533 0.24805900621118007 0.33954451345755693
0 0.48738354037267073 0.4451345755693582 0.10597826086956516 0.1283643892339544
0 0.6154863842435141 0.4409937888198758 0.11063664596273291 0.13664596273291926
0 0.7476708074534162 0.4409937888198758 0.10481366459627324 0.14492753623188415
