1 0.060674157303370786 0.12883895131086143 0.07865168539325844 0.009987515605493123
1 0.04494382022471909 0.16279650436953808 0.03820224719101123 0.013982521847690386
1 0.07528089887640449 0.19975031210986266 0.09213483146067414 0.023970037453183508
1 0.06797752808988763 0.22971285892634208 0.07528089887640449 0.015980024968788982
1 0.07303370786516855 0.26566791510611737 0.07640449438202249 0.01997503121098628
1 0.05786516853932584 0.2966292134831461 0.0550561797752809 0.017977528089887614
1 0.10337078651685394 0.33857677902621724 0.13707865168539327 0.04594257178526842
1 0.07191011235955055 0.3775280898876405 0.0741573033707865 0.02397003745318358
1 0.0797752808988764 0.41647940074906364 0.08988764044943821 0.02596754057428214
1 0.1 0.44943820224719105 0.1303370786516854 0.027965043695380772
1 0.09325842696629212 0.48639200998751564 0.10561797752808989 0.02996254681647933
1 0.07584269662921347 0.5173533083645444 0.07752808988764043 0.027965043695380772
1 0.07191011235955055 0.548314606741573 0.06292134831460673 0.02996254681647933
1 0.06460674157303371 0.5822721598002496 0.057303370786516844 0.029962546816479405
1 0.07640449438202246 0.6172284644194757 0.08764044943820223 0.027965043695380772
1 0.06516853932584268 0.6521847690387016 0.06516853932584268 0.021972534332084875
1 0.07359550561797754 0.6841448189762797 0.07528089887640449 0.021972534332084875
1 0.07921348314606742 0.717103620474407 0.08651685393258428 0.019975031210986316
1 0.0696629213483146 0.7480649188514357 0.0696629213483146 0.017977528089887757
1 0.07359550561797752 0.7800249687890138 0.0842696629213483 0.02596754057428214
1 0.06741573033707864 0.8159800249687891 0.060674157303370765 0.017977528089887614
1 0.06573033707865168 0.8499375780274656 0.059550561797752796 0.021972534332084733
1 0.05168539325842696 0.8838951310861424 0.04719101123595506 0.013982521847690492
1 0.26179775280898876 0.14282147315855181 0.10337078651685395 0.04194756554307118
1 0.2949438202247191 0.17677902621722846 0.13595505617977532 0.017977528089887614
1 0.42528089887640447 0.27565543071161047 0.43707865168539334 0.1438202247191011
1 0.4297752808988764 0.4114856429463171 0.4393258426966293 0.11186017478152309
1 0.4280898876404495 0.5503121098626717 0.43595505617977537 0.15380774032459427
1 0.43033707865168547 0.6931335830212234 0.43146067415730344 0.10786516853932582
1 0.42921348314606744 0.8309612983770287 0.43146067415730344 0.1518102372034957
1 0.42247191011235957 0.9218476903870162 0.4269662921348315 0.021972534332084875
1 0.749438202247191 0.7450686641697877 0.19325842696629209 0.3435705368289637
0 0.750561797752809 0.3865168539325843 0.18426966292134836 0.36554307116104867
