1 0.26086956521739124 0.3861283643892339 0.37499999999999994 0.05590062111801245
1 0.2567934782608695 0.4658385093167702 0.36917701863354024 0.08281573498964803
1 0.07919254658385091 0.5196687370600414 0.0046583850931676985 0.0041407867494823595
1 0.26727484472049684 0.5662525879917184 0.39013975155279496 0.08488612836438925
1 0.25737531869897073 0.6666666666666665 0.37034161490683226 0.12008281573498962
1 0.2538819875776397 0.7660455486542443 0.35869565217391297 0.062111801242236024
1 0.2602872670807453 0.860248447204969 0.373835403726708 0.10973084886128362
0 0.7942546583850931 0.5476190476190476 0.19798136645962727 0.7142857142857143
1 0.11645962732919253 0.2753623188405797 0.07686335403726707 0.016563146997929615
1 0.10073757763975154 0.30227743271221535 0.04774844720496894 0.012422360248447183
1 0.18167701863354035 0.1863354037267081 0.20729813664596272 0.03726708074534159
1 0.26785714285714285 0.22360248447204967 0.3680124223602484 0.024844720496894405
0 0.4803959627329192 0.11697722567287784 0.467003105590062 0.06832298136645962
