0 0.1734059097978227 0.4161050630724037 0.29393468118195953 0.46172455503715226
1 0.5629860031104199 0.2723249876699677 0.42301710730948694 0.235009504060826
1 0.45023328149300157 0.4216299208265166 0.19129082426127525 0.0525315362018317
1 0.42534992223950235 0.5571107655088993 0.16018662519440127 0.08570934853983062
1 0.5023328149300156 0.6442025228961465 0.3141524105754277 0.07188526006566441
1 0.5023328149300156 0.8087091757387248 0.27371695178849154 0.20736132711249355
1 0.8250388802488337 0.20459650941766028 0.07931570762052885 0.04423708311733193
1 0.8771384136858476 0.29307067565232414 0.16485225505443238 0.08294453084499737
1 0.8569206842923793 0.3580438914809055 0.13374805598755826 0.04700190081216526
1 0.8273716951788492 0.4022666416915767 0.07153965785381018 0.05806117159149814
1 0.8724727838258164 0.554345947814066 0.16485225505443238 0.23500950406082594
1 0.8413685847589424 0.693969241403145 0.1026438569206843 0.04976671850699858
1 0.8763608087091758 0.7865906341800587 0.16951788491446337 0.11335752548816302
