1 0.7075015124016939 0.1481113320079523 0.3403884015928627 0.01789264413518886
0 0.3671131108088312 0.30019880715705766 0.3122571287339484 0.27037773359840955
1 0.6757378849912916 0.21544145884549987 0.2529246034105435 0.016862728364711116
1 0.6822996081929803 0.2415786878108021 0.26843413097817115 0.016862728364711116
1 0.6805100473197925 0.26434337110316214 0.2648550092317955 0.023607819710595557
1 0.6787204864466047 0.2871080543955221 0.2636619686496703 0.020235274037653354
1 0.6834926487751055 0.3166178290337666 0.2660480498139208 0.02192154687412444
1 0.6578422762594136 0.33600996665318433 0.2123612236182865 0.011803909855297761
1 0.6805100473197925 0.3558236724817199 0.26724109039604593 0.022764683292359963
1 0.6566492356772884 0.380274628610551 0.20281689896128482 0.007588227764119964
1 0.5230286904792633 0.508431364182355 0.5965202910626008 0.13911750900886738
1 0.6653046031133225 0.6699801192842944 0.2559945830161198 0.023856858846918527
1 0.6795339232071447 0.6981370582853554 0.27656849858357035 0.019928678976476846
1 0.6730264291228255 0.7203652002206566 0.26138434572015884 0.015329753058828145
1 0.6610960233015732 0.7441263174618404 0.23101603999333511 0.009197851835296972
1 0.6627228968226531 0.7659712155706707 0.23860811642504096 0.01609624071176967
1 0.6638074791700397 0.7881993575059718 0.22559312825640235 0.016096240711769527
0 0.37530857476521734 0.7073349101206524 0.3080213866577804 0.22074844404712735
1 0.32758695148020905 0.8349551043353981 0.20390148130867147 0.019162191323535326
