1 0.6236391912908242 0.2654224987039917 0.27371695178849154 0.08294453084499744
1 0.6003110419906688 0.35113662487937597 0.1990668740279937 0.08295408611610437
1 0.6228615863141524 0.436841195783653 0.24105754276827368 0.08847416623466393
1 0.6104199066874028 0.5972006220839813 0.22550544323483662 0.21012614480732672
1 0.5995334370139969 0.7271327208344834 0.19129082426127525 0.04423708311733208
1 0.6314152410575428 0.8418869880767238 0.27371695178849154 0.1575946086054951
1 0.870139968895801 0.2654248875217685 0.15396578538102632 0.07188526006566445
1 0.8724727838258164 0.3884449420351874 0.15863141524105756 0.1520649732158286
1 0.8670295489891134 0.49904481628184755 0.15707620528771385 0.03041299464316573
1 0.8258164852255055 0.5474339035769828 0.08398133748055969 0.033177812337998984
1 0.8678071539657853 0.6054950751684811 0.15552099533437017 0.07188526006566441
1 0.8460342146189735 0.656644202522896 0.11819595645412136 0.02488335925349915
1 0.8724727838258164 0.7382063245204769 0.18351477449455672 0.11612234318299641
1 0.8623639191290823 0.8128444581920908 0.1446345256609642 0.033177812337998915
0 0.2721617418351477 0.5889061689994816 0.3234836702954898 0.7796785899429756
