1 0.629860031104199 0.43684119578365305 0.3203732503888025 0.27648176948332476
1 0.5194401244167963 0.29721790219457406 0.10886469673405905 0.024883359253499222
1 0.5427682737169518 0.6663210644548124 0.14307931570762059 0.07188526006566448
1 0.6189735614307932 0.7575600483843096 0.32970451010886476 0.033177812337998915
1 0.588646967340591 0.9091930188353206 0.26905132192846026 0.18161396232935886
1 0.8584758942457232 0.3221012614480733 0.10575427682737171 0.047001900812165154
1 0.8880248833592534 0.43406682281771275 0.17418351477449448 0.16035942630032834
1 0.8670295489891134 0.5405218593398997 0.12908242612752716 0.04147226542249875
1 0.877138413685848 0.6303629071064314 0.1493001555209953 0.09397274699323246
1 0.8514774494556765 0.7091996269024955 0.1010886469673406 0.030412994643165662
1 0.8864696734059098 0.7865906341800587 0.1897356143079314 0.10782789009849665
1 0.8716951788491446 0.8875064800414723 0.18195956454121315 0.08294453084499737
1 0.8818040435458788 0.9469261723026193 0.19595645412130636 0.03594263003283217
0 0.25583203732503884 0.6773803352341454 0.3405909797822706 0.45895973734231904
