0 0.2408231368186874 0.4755901619082931 0.29699666295884314 0.5042639970337411
1 0.550055617352614 0.26201952787047333 0.292547274749722 0.03757261154369054
1 0.5100111234705228 0.2946483747373625 0.21468298109010006 0.03164009393152888
1 0.4671857619577308 0.34111976269929556 0.135706340378198 0.04548263502657271
1 0.44382647385984425 0.3905574094673094 0.08231368186874306 0.02570757631936715
1 0.6262513904338154 0.5012977382276604 0.44048943270300334 0.16808799901124707
1 0.424916573971079 0.6229143492769744 0.037819799777530604 0.03559510567296989
1 0.5912124582869854 0.6229143492769744 0.2302558398220244 0.03955011741441112
1 0.5344827586206897 0.6594982078853048 0.12124582869855395 0.029662588060808303
1 0.48053392658509453 0.7850698306760598 0.1446051167964405 0.03164009393152895
1 0.49388209121245824 0.8859226300828081 0.18020022246941048 0.12260536398467436
1 0.7619577308120133 0.8424175009269558 0.20467185761957737 0.03955011741441112
1 0.22914349276974413 0.7840810777406995 0.34705228031145713 0.06525769373377827
1 0.7452725250278087 0.11766159930787293 0.307007786429366 0.05339265850945493
0 0.367630700778643 0.1196391051785935 0.37931034482758624 0.05734767025089605
