1 0.20031055900621111 0.10351966873706005 0.05822981366459626 0.03726708074534162
1 0.3720885093167702 0.10869565217391304 0.26203416149068326 0.03519668737060042
1 0.671972049689441 0.10869565217391304 0.020962732919254705 0.03519668737060042
1 0.7074922360248448 0.10869565217391304 0.031444099378881984 0.03519668737060042
1 0.734277950310559 0.10662525879917185 0.015139751552794962 0.04347826086956523
1 0.7593167701863354 0.10559006211180125 0.020962732919254705 0.041407867494824016
1 0.7925077639751552 0.11283643892339544 0.03610248447204967 0.04761904761904763
1 0.36438475671603165 0.23706004140786732 0.4286579335963869 0.1677018633540369
0 0.6952628309089169 0.4855072463768117 0.18166740696410127 0.051759834368529586
1 0.36451863354037267 0.3985507246376811 0.41459627329192544 0.13871635610766042
0 0.7045807453416149 0.29606625258799174 0.2212732919254659 0.32298136645962733
0 0.6981754658385093 0.903726708074534 0.20846273291925463 0.08074534161490689
0 0.3726708074534161 0.6915113871635612 0.4192546583850931 0.40993788819875776
