1 0.06629213483146067 0.1488139825218477 0.0741573033707865 0.021972534332084893
1 0.10224719101123597 0.22072409488139827 0.14382022471910114 0.03395755305867663
1 0.08258426966292134 0.315605493133583 0.10224719101123596 0.04394506866416975
1 0.07584269662921347 0.3875156054931335 0.09101123595505617 0.027965043695380772
1 0.09775280898876403 0.4833957553058677 0.14606741573033707 0.027965043695380772
1 0.06629213483146067 0.551310861423221 0.07191011235955055 0.03995006242197256
1 0.24606741573033708 0.11385767790262172 0.06292134831460672 0.03995006242197253
1 0.29382022471910113 0.20574282147315856 0.16292134831460672 0.05193508114856428
1 0.44887640449438193 0.27166042446941324 0.45955056179775267 0.05593008739076158
1 0.5056179775280899 0.3355805243445693 0.5910112359550561 0.05593008739076158
1 0.5039325842696628 0.3975031210986267 0.5943820224719101 0.05992509363295881
1 0.3112359550561798 0.4604244694132335 0.20224719101123598 0.03395755305867659
1 0.29382022471910113 0.4963795255930087 0.12921348314606745 0.03795255930087393
1 0.505056179775281 0.5553073639224378 0.5898876404494382 0.09188514357053691
0 0.8837078651685394 0.4024968789013733 0.14943820224719118 0.17777777777777776
0 0.8612359550561797 0.7480649188514357 0.2033707865168539 0.28164794007490634
1 0.4320224719101124 0.6182272159800251 0.448314606741573 0.02996254681647933
1 0.46629213483146065 0.6611735330836455 0.5123595505617977 0.05193508114856428
1 0.47247191011235956 0.7390761548064918 0.5426966292134832 0.075905118601748
1 0.2679775280898876 0.8159800249687891 0.1314606741573034 0.029962546816479405
1 0.47640449438202254 0.885892634207241 0.5370786516853933 0.07390761548064916
