1 0.7391546162402669 0.12161661104931404 0.3170189098998886 0.06130268199233717
1 0.5489432703003336 0.26795204548263496 0.29032258064516125 0.03757261154369051
1 0.5278086763070078 0.3075021628970461 0.24805339265850962 0.03757261154369061
1 0.5044493882091211 0.3806711021541656 0.19688542825361516 0.09294277592386599
1 0.45050055617352613 0.4488938326535657 0.09121245828698556 0.023730070448646643
1 0.6190211345939933 0.560622914349277 0.4416017797552837 0.1720430107526881
1 0.5244716351501668 0.6782845136571499 0.24582869855394876 0.035595105672969966
1 0.5656284760845384 0.7376096897787664 0.31924360400444945 0.04746014089729314
1 0.5339265850945495 0.7801260659992585 0.12235817575083424 0.02570757631936715
1 0.432146829810901 0.8760351007292053 0.05228031145717466 0.01977505870720563
1 0.5205784204671857 0.8938326535656903 0.10011123470522812 0.06723519960449892
1 0.6857619577308119 0.8849338771474479 0.03670745272525039 0.021752564577926136
1 0.8086763070077865 0.9007539241132122 0.15127919911012241 0.06130268199233726
1 0.2452725250278087 0.78605858361142 0.31256952169076757 0.0889877641824249
0 0.2591768631813125 0.478556420714374 0.27141268075639596 0.4943764676801385
