0 0.252247191011236 0.5423220973782772 0.28426966292134837 0.6292134831460675
1 0.49662921348314604 0.28564294631710363 0.1820224719101124 0.051935081148564245
1 0.4657303370786517 0.35555555555555557 0.12921348314606745 0.06392009987515607
1 0.5140449438202248 0.4114856429463171 0.22134831460674156 0.03196004993757803
1 0.5634831460674158 0.4963795255930087 0.3067415730337079 0.05393258426966291
1 0.49943820224719104 0.5403245942571786 0.1988764044943821 0.02596754057428221
1 0.4455056179775281 0.5842696629213484 0.07078651685393254 0.029962546816479474
1 0.6196629213483146 0.6931335830212234 0.4325842696629213 0.15580524344569277
1 0.4780898876404494 0.8579275905118603 0.14719101123595507 0.08988764044943821
1 0.7921348314606742 0.8279650436953807 0.20224719101123584 0.045942571785268595
1 0.744943820224719 0.11485642946317104 0.3078651685393258 0.05393258426966291
