0 0.25361512791991103 0.4548263502657274 0.29810901001112344 0.4548263502657273
1 0.5294771968854282 0.27388456309479664 0.24694104560622912 0.025707576319367185
1 0.5216907675194661 0.30651340996168586 0.2335928809788654 0.039550117414411154
1 0.4788654060066741 0.3688048448893832 0.14349276974416028 0.06921270547521935
1 0.44771968854282534 0.42911877394636017 0.08120133481646277 0.03164009393152881
1 0.6218020022246941 0.528982820417748 0.42269187986651835 0.16413298726980594
1 0.5411568409343716 0.6565319490792239 0.26585094549499444 0.039550117414410974
1 0.24360400444938818 0.7880360894821408 0.3203559510567297 0.07712272895810159
1 0.4243604004449388 0.7208008898776419 0.04115684093437153 0.02570757631936715
1 0.5873192436040044 0.7188233840069213 0.24694104560622912 0.03757261154369047
1 0.5350389321468298 0.7563959955506118 0.12013348164627359 0.021752564577926136
1 0.4293659621802001 0.8562600420219998 0.04449388209121245 0.03164009393152895
1 0.5522803114571747 0.8908663947596094 0.1568409343715239 0.10085279940674824
1 0.6874304783092324 0.8542825361512792 0.040044493882091386 0.035595105672969966
1 0.8170189098998887 0.8780126065999257 0.16796440489432699 0.08305524657026311
1 0.7402669632925472 0.12062785811395377 0.31034482758620685 0.06328018786305772
