1 0.05102040816326531 0.14965986394557823 0.07936507936507936 0.04988662131519273
1 0.06448412698412698 0.20521541950113378 0.04109977324263039 0.015873015873015886
1 0.10770975056689341 0.20634920634920634 0.03684807256235827 0.022675736961451243
1 0.16369047619047616 0.2052154195011338 0.05527210884353741 0.02494331065759635
1 0.2295918367346939 0.20634920634920634 0.06802721088435376 0.03174603174603174
1 0.30895691609977327 0.2086167800453515 0.0793650793650794 0.036281179138322024
1 0.39328231292517 0.20634920634920637 0.07511337868480723 0.03628117913832199
1 0.4499716553287982 0.20748299319727892 0.024092970521541943 0.052154195011337875
1 0.49178004535147396 0.19954648526077098 0.051020408163265286 0.04988662131519277
1 0.5477607709750566 0.20294784580498867 0.05243764172335595 0.04308390022675738
1 0.6023242630385487 0.20068027210884354 0.04251700680272109 0.04308390022675734
1 0.6547619047619048 0.20634920634920637 0.05102040816326522 0.04535147392290249
1 0.6278344671201814 0.3401360544217687 0.21541950113378688 0.09070294784580504
1 0.3656462585034014 0.3287981859410431 0.07369614512471656 0.07256235827664398
1 0.36422902494331066 0.38888888888888884 0.08786848072562357 0.04308390022675731
1 0.08928571428571429 0.5419501133786848 0.1360544217687075 0.0317460317460317
0 0.07794784580498866 0.6303854875283447 0.09070294784580499 0.0997732426303854
0 0.18424036281179137 0.6201814058956916 0.05668934240362811 0.11564625850340135
0 0.1799886621315193 0.8185941043083901 0.09353741496598639 0.1405895691609976
0 0.0772392290249433 0.8197278911564626 0.08078231292517007 0.12925170068027214
1 0.04889455782312926 0.7256235827664399 0.06094104308390023 0.040816326530612346
1 0.18494897959183676 0.7244897959183674 0.10345804988662133 0.03854875283446717
1 0.0715702947845805 0.9058956916099774 0.0892857142857143 0.052154195011337806
1 0.16723356009070295 0.9081632653061225 0.07369614512471655 0.03854875283446717
0 0.32525510204081626 0.6541950113378685 0.07227891156462583 0.10657596371882086
0 0.43154761904761896 0.653061224489796 0.07227891156462583 0.0907029478458049
0 0.3210034013605442 0.8129251700680271 0.07794784580498866 0.10204081632653057
0 0.4301303854875283 0.8185941043083901 0.07511337868480723 0.09070294784580483
1 0.31958616780045346 0.7346938775510204 0.10629251700680267 0.045351473922902556
1 0.43083900226757366 0.7346938775510204 0.10770975056689344 0.045351473922902556
1 0.3153344671201814 0.8968253968253969 0.09212018140589567 0.04761904761904759
1 0.4265873015873015 0.8979591836734694 0.09920634920634917 0.06349206349206354
1 0.6143707482993197 0.5532879818594104 0.2054988662131518 0.07256235827664391
1 0.3713151927437642 0.5555555555555556 0.20975056689342397 0.058956916099773264
0 0.5683106575963719 0.653061224489796 0.07086167800453509 0.09523809523809518
0 0.6767290249433107 0.6496598639455783 0.0751133786848073 0.1201814058956917
0 0.5683106575963719 0.8219954648526078 0.08786848072562357 0.12925170068027214
0 0.6724773242630385 0.8140589569160999 0.0722789115646259 0.10884353741496597
0 0.913407029478458 0.8446712018140591 0.07794784580498856 0.21088435374149653
0 0.9375 0.5929705215419502 0.04960317460317469 0.07936507936507944
1 0.8142006802721088 0.552154195011338 0.10345804988662125 0.07029478458049887
1 0.8000283446712018 0.608843537414966 0.0836167800453515 0.04308390022675731
1 0.8127834467120181 0.7199546485260772 0.08645124716553297 0.02040816326530603
1 0.8297902494331066 0.7675736961451247 0.12329931972789111 0.04761904761904759
1 0.8134920634920636 0.8083900226757369 0.09070294784580497 0.01587301587301596
1 0.5428004535147393 0.7210884353741497 0.06519274376417229 0.02721088435374156
1 0.653344671201814 0.7256235827664399 0.05952380952380956 0.03628117913832199
1 0.6483843537414965 0.8877551020408163 0.04960317460317462 0.020408163265306173
1 0.5562641723356009 0.8877551020408163 0.07227891156462583 0.029478458049886597
1 0.8687641723356009 0.20181405895691612 0.24659863945578236 0.027210884353741492
1 0.8234126984126984 0.14965986394557823 0.07653061224489789 0.0453514739229025
1 0.9084467120181406 0.15532879818594103 0.045351473922902556 0.047619047619047644
1 0.7624716553287982 0.1564625850340136 0.02834467120181401 0.03174603174603174
1 0.9771825396825397 0.1598639455782313 0.026927437641723485 0.04761904761904763
1 0.31037414965986393 0.15192743764172334 0.11337868480725621 0.045351473922902466
1 0.23030045351473918 0.15079365079365079 0.021258503401360544 0.029478458049886597
1 0.16085600907029476 0.15192743764172337 0.10345804988662129 0.06349206349206352
