1 0.27022471910112356 0.13183520599250936 0.12022471910112359 0.047940074906367036
1 0.40112359550561794 0.2556803995006242 0.35280898876404493 0.027965043695380772
1 0.2893258426966292 0.21273408239700373 0.15617977528089888 0.029962546816479405
1 0.06797752808988763 0.16779026217228465 0.06853932584269662 0.02796504369538079
1 0.08089887640449436 0.5073657927590511 0.10112359550561796 0.04394506866416975
1 0.06123595505617978 0.6431960049937578 0.06629213483146067 0.031960049937577895
1 0.07584269662921347 0.7740324594257179 0.09101123595505617 0.029962546816479405
1 0.08932584269662922 0.7101123595505618 0.11797752808988765 0.03395755305867667
1 0.06797752808988763 0.3046192259675406 0.06629213483146067 0.03395755305867663
1 0.06123595505617978 0.23970037453183524 0.06404494382022471 0.023970037453183542
1 0.5061797752808989 0.33458177278401996 0.5988764044943821 0.1418227215980025
1 0.503370786516854 0.4634207240948814 0.5820224719101124 0.10387016229712856
1 0.5061797752808989 0.6062421972534332 0.5898876404494381 0.15380774032459427
1 0.5696629213483146 0.7840199750312109 0.46741573033707856 0.09388264669163547
1 0.3921348314606742 0.8629213483146068 0.09438202247191015 0.03995006242197263
1 0.5735955056179776 0.9178526841448189 0.46629213483146065 0.05393258426966284
1 0.2539325842696629 0.7220973782771536 0.08764044943820228 0.03795255930087393
0 0.27752808988764044 0.8419475655430712 0.1235955056179775 0.16978776529338319
0 0.8803370786516854 0.5403245942571785 0.15393258426966297 0.24569288389513097
0 0.8820224719101124 0.3535580524344569 0.14831460674157312 0.12384519350811488
