1 0.6220839813374804 0.21564861374366295 0.2301710730948678 0.0829445308449974
1 0.5995334370139969 0.30827717297390705 0.18818040435458783 0.08570934853983064
1 0.5847589424572317 0.40642820114048733 0.15863141524105742 0.07188526006566441
1 0.6275272161741835 0.5018144116122343 0.25972006220839816 0.10229825470883014
1 0.5435458786936236 0.5847589424572317 0.10730948678071549 0.04700190081216512
1 0.6337480559875582 0.7119405564195611 0.2566096423017106 0.17971315016416106
1 0.8561430793157077 0.21150855365474341 0.1259720062208399 0.06359080698116468
1 0.8670295489891136 0.279246587178158 0.1508553654743389 0.06082598928633143
1 0.8802488335925349 0.5819941247623984 0.17418351477449462 0.10782789009849672
1 0.854587869362364 0.6607914290651459 0.13219284603421472 0.03870744772766543
1 0.8755832037325039 0.7257646448937274 0.1772939346811819 0.06359080698116472
1 0.8615863141524105 0.8335925349922241 0.14618973561430793 0.10782789009849651
1 0.8825816485225505 0.9234491100743045 0.15707620528771385 0.04423708311733193
0 0.27060653188180406 0.5584931743563158 0.4043545878693624 0.7133229652669776
