0 0.19751166407465007 0.4686365992742354 0.20839813374805602 0.5833765336098151
1 0.20684292379471228 0.7907283054512014 0.15241057542768272 0.044237083117331794
1 0.5489891135303266 0.2433039571453257 0.3670295489891135 0.09400380162433042
1 0.5497667185069984 0.34560221185415585 0.3437013996889579 0.09953343701399696
1 0.4440124416796267 0.4949023673751512 0.1632970451010886 0.11059270779332991
1 0.5171073094867807 0.5916662090587613 0.3063763608087093 0.07188526006566441
1 0.5606531881804044 0.7506480041472265 0.3903576982892691 0.21289096250216005
1 0.8522550544323484 0.257128045619492 0.11197511664074654 0.07188526006566445
1 0.8748055987558319 0.3359253499222393 0.17573872472783825 0.0912389839294971
1 0.9525660964230169 0.33592534992223944 0.03888024883359251 0.002764817694833326
1 0.8615863141524106 0.40088901047971376 0.13685847589424582 0.02764817694833248
1 0.8646967340590982 0.5142369806967697 0.16174183514774498 0.22118541558665974
1 0.8444790046656299 0.6538626631036254 0.10886469673405913 0.04147226542249868
1 0.8771384136858476 0.7423535510627268 0.16174183514774498 0.10229825470883014
