1 0.06797752808988763 0.12883895131086143 0.08426966292134833 0.021972534332084893
1 0.048314606741573035 0.1637952559300874 0.033707865168539325 0.027965043695380772
1 0.07303370786516855 0.19975031210986266 0.08089887640449439 0.023970037453183508
1 0.0696629213483146 0.23071161048689137 0.0696629213483146 0.02596754057428214
1 0.07359550561797752 0.26267166042446943 0.07303370786516852 0.017977528089887684
1 0.060674157303370786 0.2956304619225968 0.05393258426966291 0.019975031210986247
1 0.10617977528089888 0.33957553058676654 0.1449438202247191 0.03995006242197256
1 0.07359550561797752 0.38451935081148564 0.07752808988764044 0.021972534332084875
1 0.0741573033707865 0.41947565543071164 0.08089887640449436 0.03196004993757803
1 0.09831460674157302 0.45043695380774035 0.1337078651685393 0.021972534332084875
1 0.08820224719101123 0.484394506866417 0.09775280898876405 0.021972534332084875
1 0.07696629213483146 0.5183520599250937 0.0640449438202247 0.02596754057428214
1 0.07022471910112359 0.5503121098626717 0.06179775280898875 0.021972534332084948
1 0.06292134831460673 0.580274656679151 0.058426966292134834 0.03395755305867667
1 0.0707865168539326 0.6142232321957104 0.07865168539325844 0.03395755305867659
1 0.06348314606741573 0.6521847690387017 0.059550561797752796 0.02596754057428214
1 0.08089887640449439 0.685143570536829 0.09213483146067417 0.0279650436953807
1 0.0797752808988764 0.7191011235955057 0.08988764044943821 0.019975031210986316
1 0.07078651685393257 0.7490636704119851 0.07640449438202246 0.031960049937577964
1 0.0741573033707865 0.7820224719101124 0.08539325842696628 0.025967540574282282
1 0.0646067415730337 0.8149812734082397 0.06629213483146065 0.02397003745318344
1 0.06179775280898875 0.8459425717852684 0.07191011235955055 0.021972534332084875
1 0.05056179775280898 0.8808988764044944 0.049438202247191004 0.019975031210986316
1 0.26292134831460673 0.1418227215980025 0.10337078651685391 0.027965043695380772
1 0.45224719101123595 0.2047440699126092 0.47528089887640446 0.07790262172284645
1 0.2713483146067416 0.27265917602996254 0.11348314606741568 0.03795255930087393
1 0.4511235955056179 0.3645443196004994 0.4707865168539325 0.133832709113608
1 0.453370786516854 0.4923845193508115 0.47752808988764045 0.10986267166042453
1 0.2573033707865169 0.5612983770287141 0.09438202247191015 0.027965043695380772
1 0.35955056179775285 0.6002496878901372 0.26292134831460673 0.025967540574282067
1 0.4421348314606741 0.752059925093633 0.4842696629213482 0.2616729088639201
1 0.44775280898876413 0.9168539325842697 0.46629213483146076 0.04394506866416975
0 0.7696629213483146 0.2916354556803995 0.15056179775280895 0.27166042446941324
0 0.7691011235955056 0.6711610486891385 0.14943820224719104 0.26766541822721585
1 0.7719101123595504 0.4714107365792759 0.15280898876404492 0.07990012484394506
1 0.7657303370786517 0.853932584269663 0.14269662921348314 0.10187265917603
