0 0.15707620528771382 0.4824606877484016 0.27060653188180406 0.4396060134784862
1 0.05132192846034215 0.23547029997866986 0.1026438569206843 0.023040133394353717
1 0.526438569206843 0.374632797649905 0.39657853810264393 0.2405391394504925
1 0.43234836702954893 0.5294625885605668 0.20528771384136854 0.06359080698116472
1 0.4020217729393468 0.7119262235129006 0.15085536547433903 0.06359080698116472
1 0.3895800933125972 0.7907378607223086 0.12597200622083982 0.08847416623466386
1 0.4626749611197512 0.9151546569898048 0.28149300155520995 0.11612234318299641
1 0.8530326594090202 0.33316053222740627 0.11975116640746507 0.10229825470883014
1 0.8553654743390356 0.4243995161569034 0.13685847589424568 0.06359080698116472
1 0.8740279937791601 0.5322274062554 0.19595645412130622 0.157594608605495
1 0.8569206842923793 0.6359080698116467 0.1399688958009331 0.022118541558665966
1 0.8250388802488337 0.6759979263867288 0.07931570762052885 0.03594263003283217
1 0.8786936236391912 0.7298999273470933 0.18662519440124428 0.08294453084499737
1 0.8841368584758943 0.884741662346639 0.18506998444790043 0.21012614480732666
