1 0.4887640449438202 0.28464419475655434 0.16629213483146074 0.04594257178526842
1 0.7404494382022472 0.11585518102372035 0.30561797752808983 0.03995006242197254
1 0.4646067415730337 0.35056179775280893 0.11573033707865171 0.0659176029962547
1 0.5174157303370787 0.40749063670411984 0.21460674157303372 0.03995006242197249
1 0.5011235955056179 0.4424469413233458 0.19325842696629217 0.02596754057428214
1 0.448314606741573 0.4764044943820225 0.08764044943820232 0.03395755305867667
1 0.5949438202247191 0.5183520599250937 0.3719101123595505 0.02596754057428214
1 0.4410112359550562 0.5622971285892635 0.08426966292134835 0.02996254681647933
1 0.6247191011235955 0.653183520599251 0.4337078651685393 0.13982521847690393
1 0.47528089887640446 0.7910112359550561 0.13483146067415724 0.08789013732833965
1 0.796067415730337 0.755056179775281 0.2033707865168539 0.03995006242197263
1 0.46741573033707867 0.8878901373283395 0.11685393258426963 0.02596754057428214
0 0.2595505617977528 0.5183520599250937 0.2696629213483146 0.5652933832709114
