0 0.236404833836858 0.48942598187311176 0.24320241691842903 0.48580060422960725
0 0.057401812688821746 0.2731117824773414 0.045317220543806644 0.06283987915407856
0 0.0581570996978852 0.4181268882175226 0.028700906344410883 0.06767371601208459
0 0.05891238670694864 0.4918429003021148 0.024169184290030215 0.055589123867069504
0 0.0581570996978852 0.5607250755287009 0.01661631419939577 0.07250755287009056
0 0.05966767371601209 0.6271903323262841 0.037764350453172196 0.06042296072507561
0 0.055891238670694864 0.6912386706948641 0.04531722054380664 0.03867069486404844
1 0.5596676737160121 0.2827794561933535 0.29758308157099705 0.02900302114803626
1 0.5445619335347431 0.2513595166163142 0.27643504531722046 0.029003021148036295
1 0.5037764350453172 0.31903323262839883 0.13746223564954677 0.02900302114803626
1 0.44335347432024164 0.3504531722054381 0.07703927492447128 0.024169184290030187
1 0.4969788519637462 0.38670694864048344 0.18731117824773422 0.03867069486404837
1 0.47205438066465255 0.41933534743202416 0.13141993957703918 0.02175226586102717
1 0.4486404833836858 0.4507552870090635 0.09063444108761332 0.03625377643504528
1 0.6246223564954682 0.48338368580060426 0.4033232628398791 0.024169184290030187
1 0.6427492447129909 0.5208459214501511 0.4305135951661631 0.02175226586102724
1 0.6435045317220544 0.5498489425981873 0.43806646525679754 0.026586102719033278
1 0.5891238670694864 0.5848942598187311 0.32628398791540775 0.029003021148036368
1 0.4539274924471299 0.6187311178247734 0.09818731117824768 0.03867069486404823
1 0.3202416918429003 0.7854984894259819 0.07854984894259819 0.038670694864048304
1 0.16087613293051362 0.783081570996979 0.12235649546827795 0.04350453172205434
1 0.4909365558912387 0.6827794561933535 0.1057401812688822 0.01691842900302106
1 0.48489425981873113 0.7432024169184289 0.09365558912386711 0.03141993957703931
1 0.6555891238670695 0.681570996978852 0.042296072507552865 0.03383685800604226
1 0.6563444108761329 0.7419939577039275 0.04380664652567965 0.029003021148036368
1 0.4954682779456194 0.7963746223564954 0.11782477341389729 0.045921450151057426
1 0.48942598187311176 0.8398791540785498 0.1027190332326284 0.02175226586102724
1 0.6503021148036254 0.790332326283988 0.043806646525679865 0.029003021148036226
1 0.10347432024169186 0.20181268882175224 0.06495468277945621 0.026586102719033243
1 0.20468277945619334 0.20060422960725077 0.08912386706948641 0.04833836858006041
1 0.29003021148036257 0.19577039274924474 0.03323262839879156 0.02900302114803626
1 0.3534743202416918 0.19577039274924474 0.04531722054380658 0.02900302114803626
1 0.4410876132930514 0.20181268882175224 0.057401812688821746 0.03141993957703928
1 0.5377643504531722 0.20181268882175224 0.08761329305135952 0.03625377643504532
1 0.6623867069486404 0.20181268882175224 0.10120845921450147 0.03625377643504532
1 0.763595166163142 0.20060422960725077 0.04380664652567973 0.033836858006042296
1 0.8323262839879153 0.20060422960725077 0.05135951661631424 0.02900302114803626
1 0.8987915407854987 0.19818439043090144 0.0483383685800605 0.02417502578472254
1 0.8776435045317215 0.25619335347432054 0.06344410876133025 0.03867069486404839
1 0.945619335347432 0.25255775321510376 0.05135951661631315 0.03620996522485173
1 0.13670694864048338 0.14501510574018128 0.061933534743202436 0.043504531722054395
1 0.6185800604229609 0.15105740181268884 0.07099697885196385 0.03625377643504532
1 0.7265861027190331 0.14622356495468278 0.09063444108761316 0.02658610271903321
1 0.8058912386706948 0.14984894259818732 0.040785498489425864 0.01933534743202417
1 0.8821752265861028 0.14138972809667674 0.04531722054380666 0.0362537764350453
