1 0.2848639455782313 0.37981859410430835 0.32879818594104315 0.029478458049886597
1 0.3110827664399093 0.42403628117913833 0.37840136054421764 0.03628117913832199
1 0.25581065759637184 0.518140589569161 0.27352607709750565 0.12018140589569157
1 0.17928004535147393 0.3231292517006803 0.12613378684807255 0.029478458049886632
1 0.16439909297052155 0.17006802721088435 0.09920634920634921 0.04535147392290252
1 0.048894557823129244 0.17346938775510204 0.07794784580498865 0.052154195011337875
1 0.1884920634920635 0.6995464852607709 0.13888888888888887 0.03854875283446717
1 0.23667800453514737 0.7517006802721089 0.22959183673469383 0.03401360544217681
1 0.23313492063492064 0.8095238095238095 0.23667800453514734 0.03628117913832199
1 0.23313492063492064 0.8650793650793651 0.23384353741496597 0.03401360544217695
0 0.5456349206349206 0.3673469387755102 0.06802721088435369 0.11337868480725626
1 0.43154761904761907 0.5045351473922902 0.07511337868480723 0.09297052154195001
1 0.2147108843537415 0.2913832199546485 0.1828231292517007 0.029478458049886632
1 0.14668367346938777 0.24263038548752835 0.015589569160997723 0.018140589569160995
1 0.20479024943310656 0.24036281179138325 0.052437641723355986 0.03174603174603177
1 0.27352607709750565 0.2392290249433107 0.05102040816326532 0.034013605442176915
1 0.33375850340136054 0.23922902494331066 0.02409297052154187 0.015873015873015886
1 0.39115646258503406 0.2414965986394558 0.03401360544217688 0.020408163265306135
1 0.4421768707482993 0.2392290249433107 0.03117913832199548 0.02494331065759635
