0 0.2539325842696629 0.481398252184769 0.2719101123595506 0.49538077403245945
1 0.24606741573033708 0.7840199750312109 0.298876404494382 0.0699126092384519
1 0.6651685393258426 0.2876404494382023 0.5168539325842697 0.055930087390761545
1 0.5134831460674156 0.3365792759051186 0.2202247191011235 0.02596754057428214
1 0.501685393258427 0.4064918851435705 0.18988764044943815 0.08589263420724087
1 0.4432584269662921 0.4734082397003745 0.07752808988764053 0.019975031210986247
1 0.6230337078651685 0.580274656679151 0.4303370786516853 0.16579275905118593
1 0.46797752808988763 0.7001248439450686 0.1269662921348315 0.04194756554307119
1 0.553932584269663 0.8089887640449439 0.3033707865168539 0.12384519350811488
1 0.7398876404494382 0.12084893882646691 0.3044943820224719 0.04194756554307116
1 0.5233592880978866 0.914596465208256 0.24582869855394876 0.041527623285131626
1 0.7652947719688542 0.9175627240143369 0.1935483870967741 0.0514151526387343
0 0.37430478309232484 0.12260536398467434 0.385984427141268 0.05141515263873439
