1 0.5839813374805599 0.20183169172282703 0.265940902021773 0.10506307240366335
1 0.5956454121306376 0.28201140487299114 0.3141524105754277 0.05529635389666496
1 0.5334370139968896 0.35113423606159905 0.1772939346811819 0.04423708311733193
1 0.6018662519440124 0.42854674269915327 0.30171073094867806 0.1050630724036634
1 0.609642301710731 0.6234663901848971 0.32970451010886476 0.268187316398825
1 0.8538102643856921 0.20044928287541042 0.14307931570762036 0.06359080698116465
1 0.8608087091757387 0.2820114048729912 0.16951788491446337 0.09953343701399692
1 0.8608087091757386 0.35666148263348885 0.14774494556765164 0.02764817694833248
1 0.8289269051321929 0.40642820114048733 0.08398133748055969 0.02764817694833248
1 0.8740279937791601 0.5239233978997934 0.1772939346811819 0.19630205633316058
1 0.8771384136858478 0.6925820549201751 0.16796267496111916 0.10229825470883018
1 0.8382581648522551 0.763089683773976 0.08398133748055997 0.022118541558665897
1 0.8685847589424572 0.8653879384828062 0.18818040435458783 0.1271816139623293
1 0.25272161741835153 0.47693344117651193 0.3219284603421462 0.5501987212718161
0 0.24727838258164844 0.4920861900981178 0.37947122861586313 0.6249945169166972
