1 0.27600931677018636 0.20600414078674947 0.22826086956521738 0.0683229813664596
1 0.2795031055900621 0.6366459627329193 0.24223602484472045 0.20082815734989637
1 0.2760093167701863 0.7939958592132504 0.249223602484472 0.0766045548654246
1 0.2760093167701863 0.8850931677018633 0.23757763975155277 0.09316770186335405
1 0.4809782608695652 0.2194616977225673 0.1537267080745341 0.09109730848861286
1 0.48388975155279496 0.3084886128364389 0.15722049689441 0.06625258799171842
1 0.4902950310559005 0.4026915113871635 0.17003105590062112 0.09316770186335405
1 0.49204192546583847 0.48033126293995865 0.1711956521739131 0.045548654244306375
1 0.4949534161490683 0.5507246376811594 0.1723602484472049 0.06625258799171839
1 0.49087732919254656 0.6262939958592132 0.1711956521739131 0.06832298136645953
1 0.49262422360248437 0.6915113871635612 0.17236024844720496 0.04554865424430645
1 0.49262422360248437 0.7494824016563146 0.17236024844720496 0.05383022774327131
1 0.4862189440993788 0.8095238095238096 0.1642080745341614 0.04554865424430645
1 0.48505434782608686 0.8861283643892341 0.16187888198757755 0.08695652173913046
1 0.19681677018633537 0.13871635610766045 0.07919254658385091 0.033126293995859195
0 0.2795031055900621 0.38509316770186336 0.23757763975155277 0.27743271221532095
0 0.6981754658385093 0.2712215320910973 0.21079192546583847 0.2939958592132505
0 0.6958462732919254 0.4855072463768116 0.21777950310559 0.07246376811594203
0 0.6981754658385093 0.6407867494824017 0.21777950310559022 0.16770186335403728
0 0.6970108695652173 0.8426501035196687 0.21079192546583841 0.19047619047619052
