1 0.09775280898876403 0.19675405742821475 0.1348314606741573 0.03395755305867663
1 0.08258426966292134 0.3615480649188514 0.10449438202247191 0.027965043695380772
1 0.09269662921348315 0.4654182272159801 0.12471910112359552 0.027965043695380772
1 0.06516853932584268 0.5303370786516854 0.06516853932584268 0.03395755305867667
1 0.06516853932584268 0.2626716604244694 0.06292134831460673 0.03795255930087389
0 0.3185393258426966 0.2876404494382022 0.21011235955056182 0.2636704119850188
0 0.8685393258426966 0.21972534332084892 0.1662921348314606 0.22372034956304618
1 0.49550561797752807 0.11685393258426967 0.5730337078651684 0.06192259675405742
1 0.6056179775280899 0.28264669163545564 0.3505617977528089 0.26167290886392003
1 0.5837078651685392 0.4774032459425717 0.7629213483146067 0.09987515605493137
1 0.2848314606741573 0.5652933832709114 0.16292134831460672 0.04394506866416975
1 0.5898876404494382 0.6611735330836455 0.7685393258426967 0.1358302122347066
1 0.5617977528089888 0.775031210986267 0.6853932584269663 0.0719101123595506
1 0.5865168539325842 0.8898876404494382 0.748314606741573 0.12584269662921357
