1 0.44217687074829926 0.31292517006802717 0.4535147392290249 0.1496598639455783
1 0.4414682539682539 0.4569160997732426 0.4464285714285714 0.11111111111111122
1 0.8375850340136054 0.42063492063492064 0.13605442176870738 0.08843537414965986
1 0.8262471655328798 0.2800453514739229 0.1218820861678006 0.03854875283446713
1 0.8361678004535148 0.5328798185941043 0.1332199546485262 0.08163265306122454
1 0.8390022675736961 0.6541950113378684 0.14172335600907018 0.0884353741496598
1 0.8368764172335601 0.7630385487528344 0.13463718820861686 0.07482993197278902
1 0.8347505668934241 0.8843537414965986 0.12755102040816324 0.07709750566893434
0 0.7270408163265307 0.8866213151927438 0.06519274376417243 0.06349206349206354
0 0.7270408163265306 0.7630385487528344 0.06802721088435362 0.07482993197278902
0 0.7263321995464852 0.6530612244897958 0.06377551020408162 0.0634920634920634
0 0.7270408163265306 0.5374149659863946 0.06235827664399096 0.0498866213151927
0 0.7284580498866213 0.41836734693877553 0.05952380952380949 0.05668934240362816
0 0.7277494331065759 0.29931972789115646 0.05243764172335588 0.072562358276644
0 0.9552154195011338 0.4546485260770975 0.08503401360544217 0.6780045351473923
0 0.048185941043083894 0.4501133786848072 0.08219954648526077 0.6689342403628118
1 0.14384920634920634 0.6814058956916099 0.10062358276643989 0.07482993197278916
1 0.14101473922902494 0.5952380952380952 0.08928571428571427 0.07029478458049887
1 0.1488095238095238 0.4875283446712018 0.11054421768707483 0.0634920634920634
1 0.15376984126984128 0.4013605442176871 0.11763038548752831 0.08163265306122447
1 0.14526643990929705 0.31065759637188206 0.10629251700680273 0.0770975056689342
1 0.3784013605442177 0.19274376417233563 0.5668934240362812 0.040816326530612235
0 0.4492630385487529 0.6791383219954648 0.20691609977324268 0.28798185941043086
1 0.43934240362811794 0.870748299319728 0.453514739229025 0.06802721088435376
1 0.8212868480725624 0.13718820861678005 0.13463718820861686 0.029478458049886632
1 0.36777210884353745 0.1417233560090703 0.5002834467120182 0.029478458049886632
