0 0.32175226586102723 0.25740181268882173 0.338368580060423 0.3069486404833837
0 0.6790030211480362 0.2598187311178248 0.33685800604229604 0.31661631419939573
0 0.3225075528700906 0.686404833836858 0.34290030211480355 0.3093655589123867
0 0.6767371601208458 0.6900302114803626 0.3444108761329305 0.3117824773413896
1 0.5604229607250756 0.8870090634441087 0.1057401812688822 0.014501510574018113
1 0.6012084592145015 0.8640483383685802 0.190332326283988 0.021752265861027097
1 0.24018126888217523 0.8628398791540787 0.18126888217522663 0.029003021148036368
1 0.20619335347432025 0.8882175226586102 0.11329305135951659 0.016918429003021204
1 0.3157099697885197 0.44471299093655586 0.3262839879154079 0.053172205438066555
1 0.17447129909365558 0.4845921450151057 0.0528700906344411 0.01691842900302113
1 0.6729607250755287 0.43141993957703934 0.3368580060422961 0.02175226586102717
1 0.5294561933534743 0.45921450151057397 0.05287009063444117 0.02416918429003026
