1 0.46689189189189195 0.4248648648648649 0.5148648648648649 0.265945945945946
0 0.4655405405405406 0.7556756756756758 0.20675675675675678 0.2745945945945945
1 0.42500000000000016 0.2637837837837838 0.42837837837837855 0.04756756756756758
1 0.8493243243243245 0.4908108108108109 0.20675675675675678 0.06918918918918919
1 0.8472972972972974 0.8421621621621622 0.20540540540540533 0.06270270270270274
0 0.852027027027027 0.6843243243243243 0.2094594594594595 0.2313513513513513
0 0.8533783783783785 0.3340540540540541 0.21216216216216224 0.22270270270270273
0 0.03445945945945947 0.8 0.03648648648648649 0.06918918918918919
1 0.06081081081081083 0.16432432432432434 0.08108108108108109 0.043243243243243246
1 0.15135135135135136 0.19027027027027027 0.08378378378378379 0.034594594594594595
1 0.21351351351351355 0.1924324324324324 0.03243243243243242 0.02594594594594593
