1 0.5538615680778576 0.2773722627737227 0.5293350731472525 0.04379562043795617
1 0.5654646169832271 0.3275547445255475 0.6610233108570572 0.04927007299270073
1 0.3834451627432538 0.47992700729927007 0.42605018082583757 0.16788321167883205
1 0.49060690552245295 0.6313868613138687 0.7126657570177645 0.13503649635036472
1 0.5177155227610936 0.7673357664233578 0.7359048577900831 0.12956204379562067
1 0.7100836347097292 0.4315693430656934 0.2168982738749719 0.03832116788321166
1 0.680601598418556 0.4597760821740877 0.1426932371827239 0.019262157832127046
1 0.6789975646435107 0.511897215131608 0.1426932371827239 0.019262157832127046
1 0.6789975646435107 0.5368247135025963 0.1426932371827239 0.019262157832127046
1 0.6990479868315767 0.4869697167606203 0.17637794645867205 0.01926215783212704
