1 0.5704365079365079 0.2471655328798186 0.3869047619047619 0.09977324263038553
1 0.42800453514739234 0.31065759637188206 0.09920634920634917 0.01814058956916103
1 0.5215419501133787 0.3344671201814059 0.2976190476190477 0.024943310657596383
1 0.44005102040816324 0.4160997732426304 0.11196145124716551 0.0385487528344671
1 0.41666666666666674 0.4467120181405896 0.07369614512471649 0.01360544217687078
1 0.41950113378684806 0.47278911564625853 0.08503401360544217 0.03401360544217681
1 0.429421768707483 0.5034013605442176 0.09637188208616777 0.022675736961451278
1 0.5024092970521542 0.5249433106575964 0.24234693877551017 0.015873015873015817
1 0.5853174603174602 0.5725623582766439 0.2749433106575963 0.04761904761904759
1 0.427295918367347 0.6439909297052153 0.041099773242630346 0.0317460317460317
1 0.41737528344671204 0.6870748299319729 0.0694444444444445 0.018140589569160995
1 0.4350907029478458 0.7346938775510204 0.08786848072562357 0.06802721088435376
1 0.5243764172335601 0.6836734693877551 0.048185941043083956 0.015873015873015817
1 0.5456349206349206 0.7335600907029479 0.09353741496598637 0.06122448979591837
1 0.6469671201814059 0.6814058956916099 0.0807823129251701 0.03854875283446717
1 0.6561791383219955 0.7392290249433107 0.0935374149659863 0.0680272108843539
0 0.20266439909297052 0.5306122448979592 0.2409297052154195 0.489795918367347
0 0.026218820861678004 0.2256235827664399 0.024092970521541954 0.05668934240362813
0 0.026218820861678004 0.2925170068027211 0.026927437641723354 0.05895691609977323
0 0.026218820861678004 0.38095238095238093 0.026927437641723354 0.058956916099773195
0 0.026927437641723354 0.44671201814058953 0.025510204081632654 0.058956916099773195
0 0.026218820861678004 0.5170068027210885 0.026927437641723354 0.054421768707483054
0 0.026218820861678004 0.5793650793650794 0.021258503401360544 0.05668934240362823
0 0.028344671201814057 0.6462585034013606 0.025510204081632654 0.06802721088435369
1 0.8701814058956916 0.2142857142857143 0.0878684807256235 0.029478458049886632
1 0.8737244897959183 0.24036281179138322 0.09495464852607696 0.022675736961451243
1 0.8744331065759637 0.2868480725623583 0.09637188208616777 0.020408163265306173
1 0.8829365079365078 0.31065759637188206 0.1162131519274375 0.02267573696145121
1 0.8687641723356009 0.3435374149659864 0.08503401360544217 0.024943310657596383
1 0.8956916099773241 0.39455782312925175 0.14455782312925167 0.07256235827664398
1 0.9063233096211745 0.4535147392290249 0.12613868273441378 0.0408163265306122
1 0.8538832199546484 0.5079365079365079 0.05243764172335602 0.03628117913832199
1 0.8985260770975058 0.5510204081632654 0.14455782312925167 0.04535147392290249
1 0.8829365079365078 0.5918367346938775 0.1162131519274375 0.02721088435374156
1 0.9063208616780045 0.7199546485260772 0.12329931972789097 0.2199546485260771
1 0.9006519274376417 0.8526077097505669 0.06377551020408162 0.02721088435374156
1 0.8985260770975058 0.8934240362811792 0.05385487528344655 0.0408163265306122
1 0.41383219954648526 0.8945578231292518 0.06519274376417229 0.05668934240362816
1 0.48115079365079366 0.8877551020408163 0.05810657596371883 0.020408163265306173
1 0.5371315192743764 0.8900226757369615 0.04251700680272109 0.03854875283446717
1 0.6030328798185941 0.8877551020408164 0.06660997732426303 0.024943310657596383
1 0.6646825396825398 0.8843537414965986 0.04818594104308389 0.02267573696145121
1 0.7277494331065759 0.8934240362811792 0.04393424036281175 0.0408163265306122
1 0.17219387755102042 0.16213151927437644 0.3330498866213152 0.03401360544217688
