1 0.5241708285311819 0.2655109489051095 0.43379654774994364 0.06021897810218981
1 0.5060959723749343 0.3284671532846716 0.6661875554731279 0.05474452554744524
1 0.3718164448677665 0.5401459854014599 0.4802564143159248 0.2846715328467149
1 0.5125494446471572 0.7171532846715329 0.7100836347097291 0.062043795620437985
1 0.7229942462499062 0.4315693430656934 0.20140554002675956 0.03832116788321166
1 0.6870103437663437 0.46317528649740425 0.15231300598155925 0.021528294047671467
1 0.6854063099912986 0.4881027848683923 0.15231300598155925 0.021528294047671467
1 0.6854063099912986 0.516429487562697 0.15231300598155925 0.030592838909848794
1 0.7158829517171583 0.5447561902570017 0.20043401923291437 0.021528294047671447
1 0.6870103437663437 0.5685506205202171 0.15231300598155925 0.021528294047671467
1 0.6870103437663437 0.5923450507834328 0.15231300598155925 0.021528294047671467
1 0.6902184113164345 0.6223713556393957 0.15552107353164993 0.027193634586533164
1 0.6918224450914798 0.6574964669803331 0.15552107353164993 0.027193634586533164
