1 0.677807105859287 0.14142335766423358 0.47769262698654524 0.05291970802919707
1 0.5474099293035004 0.2417883211678832 0.6971730231695524 0.1332116788321168
0 0.299526187732104 0.3686131386861314 0.13943460463391047 0.07664233576642332
1 0.5964702531561725 0.3631386861313869 0.4596177708302974 0.06569343065693431
1 0.49834960545082824 0.4489051094890511 0.5783953969999249 0.025547445255474487
1 0.5330890792480456 0.5027372262773723 0.6325869625070883 0.07116788321167883
1 0.5642047252929234 0.5638686131386861 0.7152478793257998 0.043795620437956234
1 0.5667850141030931 0.6213455664200673 0.7152478793257996 0.06750865108830999
1 0.5551555383544761 0.6926382117610927 0.7152478793257996 0.08121877519235329
1 0.555155538354476 0.7844960432581831 0.7152478793257996 0.10315497375882315
