1 0.06741573033707865 0.1278401997503121 0.07640449438202247 0.03995006242197253
1 0.054494382022471914 0.19775280898876402 0.050561797752808994 0.09188514357053683
1 0.06348314606741573 0.2786516853932584 0.059550561797752796 0.06591760299625467
1 0.09325842696629212 0.41548064918851435 0.1258426966292135 0.19176029962546814
1 0.10168539325842697 0.5393258426966292 0.13146067415730336 0.047940074906367015
1 0.1 0.6232209737827715 0.1303370786516854 0.10786516853932589
1 0.09382022471910112 0.7111111111111111 0.12471910112359551 0.055930087390761545
1 0.09943820224719101 0.7960049937578028 0.1449438202247191 0.1178526841448189
1 0.08258426966292134 0.8838951310861424 0.10449438202247191 0.04993757802746572
1 0.47022471910112357 0.17677902621722846 0.4887640449438202 0.11385767790262172
1 0.4780898876404494 0.315605493133583 0.5292134831460674 0.11985018726591762
1 0.2842696629213483 0.40749063670411984 0.13932584269662918 0.03995006242197249
1 0.4803370786516854 0.49438202247191015 0.5224719101123596 0.12184769038701625
1 0.47865168539325853 0.6212234706616729 0.5258426966292136 0.11186017478152306
1 0.4730337078651685 0.7620474406991261 0.5123595505617976 0.15380774032459427
1 0.47134831460674165 0.8918851435705369 0.5292134831460675 0.10187265917603
0 0.800561797752809 0.18476903870162295 0.0932584269662921 0.12184769038701622
0 0.9011235955056179 0.18576779026217227 0.10112359550561792 0.12784019975031213
0 0.800561797752809 0.3355805243445693 0.09101123595505613 0.12384519350811488
0 0.8994382022471911 0.3365792759051186 0.10224719101123597 0.12184769038701627
0 0.8044943820224719 0.4893882646691635 0.09438202247191015 0.12384519350811488
0 0.9011235955056179 0.487390761548065 0.09438202247191028 0.11985018726591769
0 0.8016853932584269 0.6392009987515606 0.06629213483146074 0.1238451935081148
0 0.9 0.6411985018726591 0.10337078651685389 0.12384519350811488
0 0.8016853932584269 0.7910112359550561 0.10224719101123597 0.10387016229712856
0 0.9011235955056179 0.7920099875156055 0.0719101123595506 0.10586766541822726
