1 0.5458786936236392 0.2350023376074957 0.39813374805598756 0.0995334370139969
1 0.47511664074650084 0.3345429410748229 0.2255054432348367 0.0884741662346639
1 0.42612752721617414 0.47555580996464886 0.13374805598755835 0.049766718506998514
1 0.5015552099533436 0.5626404008985656 0.30015552099533455 0.0635908069811647
1 0.5466562986003108 0.7423320517027358 0.3841368584758943 0.23500950406082594
1 0.843701399688958 0.2515984102298255 0.11664074650077766 0.06082598928633146
1 0.8716951788491447 0.32208931735918944 0.17262830482115077 0.09123898392949716
1 0.8608087091757394 0.39398174387818424 0.13841368584758948 0.030422549914272866
1 0.862363919129081 0.48248577033505774 0.15707620528771424 0.1134363564747963
1 0.8374805598755833 0.5529515948777656 0.11041990668740269 0.033177812337998984
1 0.8786936236391912 0.6359080698116467 0.18351477449455686 0.11059270779332983
1 0.8561430793157075 0.7368239156730603 0.15085536547433903 0.06912044237083109
1 0.8818040435458786 0.8252980819077242 0.18973561430793168 0.06912044237083109
0 0.17807153965785377 0.42992915154656997 0.33125972006220833 0.4893727319854848
0 0.17651632970451012 0.7686193191636426 0.34370139968895796 0.15482979091066185
