0 0.2575083426028921 0.48053392658509453 0.26362625139043383 0.5022864911630207
1 0.5656284760845384 0.25806451612903225 0.32591768631813123 0.03757261154369051
1 0.4849833147942158 0.29662588060808304 0.16685205784204662 0.03955011741441105
1 0.46273637374860954 0.3549623037943394 0.12013348164627359 0.06130268199233718
1 0.5044493882091213 0.4024224446916327 0.20133481646273643 0.02570757631936722
1 0.4454949944382648 0.4399950562353232 0.08342602892102341 0.02570757631936715
1 0.6195773081201335 0.5378815968359906 0.43159065628476084 0.16215548139908542
1 0.42658509454949944 0.6723519960449883 0.04115684093437153 0.027685082190087796
1 0.5923248053392659 0.6634532196267457 0.23470522803114569 0.03757261154369047
1 0.53559510567297 0.7039920899765171 0.11679644048943266 0.023730070448646643
1 0.47330367074527246 0.8384624891855148 0.13014460511679637 0.027685082190087796
1 0.4905450500556174 0.9007539241132122 0.1779755283648498 0.05734767025089596
1 0.7625139043381535 0.8869113830181683 0.1924360400444938 0.041527623285131626
1 0.2486095661846496 0.7880360894821407 0.3014460511679644 0.09294277592386607
1 0.746384872080089 0.12359411692003461 0.3025583982202446 0.03757261154369051
1 0.9093437152391546 0.2353231986157459 0.05895439377085666 0.039550117414411085
0 0.37041156840934375 0.11766159930787294 0.3848720800889878 0.06130268199233715
