0 0.2637810559006211 0.6004140786749482 0.20380434782608692 0.2525879917184266
0 0.7069099378881987 0.4606625258799172 0.20496894409937874 0.31677018633540377
0 0.6446040372670807 0.7732919254658384 0.11296583850931675 0.1469979296066252
0 0.7593167701863354 0.7763975155279503 0.11413043478260874 0.12422360248447205
1 0.4844720496894409 0.14182194616977226 0.5427018633540373 0.10973084886128365
1 0.3109472049689441 0.2412008281573499 0.31211180124223603 0.04347826086956516
1 0.19506987577639748 0.3167701863354037 0.054736024844720496 0.03312629399585916
1 0.3680124223602485 0.3830227743271222 0.4122670807453416 0.1076604554865424
1 0.47399068322981364 0.5859213250517599 0.21894409937888198 0.24430641821946175
1 0.6277173913043478 0.6770186335403727 0.06754658385093172 0.03726708074534159
1 0.6399456521739131 0.8695652173913043 0.0966614906832298 0.03726708074534144
1 0.7564052795031054 0.880952380952381 0.10597826086956516 0.06418219461697718
1 0.3651009316770186 0.8447204968944101 0.41576086956521735 0.19047619047619052
1 0.19798136645962733 0.7422360248447205 0.08618012422360247 0.022774327122153295
1 0.673136645962733 0.24637681159420288 0.018633540372670863 0.041407867494824016
1 0.7092391304347825 0.2525879917184265 0.03726708074534159 0.04554865424430645
1 0.7389363354037266 0.25258799171842644 0.010481366459627424 0.028985507246376833
1 0.7581521739130435 0.2494824016563147 0.013975155279503042 0.03105590062111805
1 0.7878493788819876 0.2494824016563147 0.024456521739130467 0.03933747412008284
