1 0.06797752808988763 0.12883895131086143 0.08202247191011235 0.03795255930087389
1 0.0544943820224719 0.18077403245942572 0.0550561797752809 0.057927590511860194
1 0.05337078651685394 0.23071161048689137 0.04382022471910112 0.02596754057428214
1 0.0601123595505618 0.26566791510611737 0.05955056179775282 0.031960049937578
1 0.06741573033707865 0.299625468164794 0.0696629213483146 0.03196004993757807
1 0.1 0.33558052434456925 0.1393258426966292 0.03196004993757803
1 0.0544943820224719 0.3645443196004994 0.04382022471910112 0.017977528089887614
1 0.05056179775280898 0.3945068664169787 0.033707865168539325 0.017977528089887684
1 0.04606741573033708 0.4284644194756554 0.0404494382022472 0.029962546816479474
1 0.05955056179775282 0.46441947565543074 0.05393258426966293 0.03795255930087386
1 0.05617977528089888 0.5013732833957554 0.05617977528089888 0.027965043695380772
1 0.06853932584269662 0.6182272159800251 0.08089887640449436 0.19775280898876396
1 0.2573033707865169 0.10986267166042447 0.08539325842696627 0.027965043695380772
1 0.4674157303370784 0.16478128930597044 0.5146067415730341 0.08987417413626207
1 0.4707865168539325 0.2976279650436954 0.5146067415730338 0.17178526841448194
0 0.3898876404494382 0.5053682896379526 0.17977528089887643 0.22771535580524335
0 0.5707865168539326 0.5063670411985018 0.1820224719101124 0.2377028714107365
0 0.38258426966292136 0.802996254681648 0.17640449438202255 0.23570536828963795
0 0.5741573033707865 0.8069912609238452 0.20224719101123598 0.2436953807740325
1 0.8393258426966292 0.513358302122347 0.17977528089887643 0.8509363295880149
