0 0.2203798185941043 0.4104308390022676 0.2962018140589569 0.2585034013605442
0 0.5300453514739228 0.4104308390022676 0.28911564625850333 0.2675736961451248
0 0.832624716553288 0.40362811791383224 0.2848639455782313 0.2585034013605442
0 0.16439909297052155 0.8616780045351473 0.16156462585034015 0.14058956916099774
0 0.3458049886621315 0.8639455782312925 0.16723356009070295 0.14512471655328796
0 0.5293367346938775 0.8718820861678003 0.1743197278911564 0.12925170068027214
0 0.7107426303854875 0.8684807256235827 0.16581632653061226 0.13605442176870752
0 0.8935657596371881 0.8662131519274376 0.171485260770975 0.14058956916099774
1 0.8000283446712018 0.5725623582766439 0.1601473922902494 0.03401360544217681
1 0.5314625850340136 0.5748299319727892 0.22108843537414963 0.024943310657596383
1 0.2324263038548753 0.5816326530612246 0.2437641723356009 0.052154195011337875
1 0.14101473922902494 0.6292517006802721 0.04960317460317459 0.020408163265306173
1 0.1771541950113379 0.6541950113378685 0.13038548752834467 0.03401360544217688
1 0.45422335600907027 0.600907029478458 0.06944444444444443 0.022675736961451278
1 0.4903628117913832 0.6303854875283448 0.15306122448979592 0.022675736961451278
1 0.7596371882086168 0.608843537414966 0.06802721088435376 0.024943310657596383
1 0.7816043083900226 0.6326530612244897 0.12046485260770978 0.027210884353741492
1 0.031179138321995464 0.2290249433106576 0.031179138321995464 0.022675736961451243
1 0.029053287981859403 0.32766439909297046 0.029761904761904753 0.011337868480725604
1 0.03401360544217687 0.42063492063492064 0.056689342403628114 0.011337868480725604
1 0.029761904761904764 0.5158730158730159 0.031179138321995464 0.01587301587301596
1 0.09141156462585034 0.18820861678004533 0.021258503401360544 0.040816326530612235
1 0.14526643990929705 0.19727891156462588 0.05810657596371883 0.03628117913832199
1 0.20975056689342406 0.1950113378684807 0.03968253968253968 0.027210884353741492
1 0.29336734693877553 0.19387755102040816 0.09637188208616781 0.03401360544217688
1 0.42800453514739234 0.20068027210884354 0.14172335600907027 0.034013605442176846
1 0.5619331065759637 0.19727891156462582 0.11196145124716551 0.04988662131519273
1 0.6568877551020408 0.19047619047619047 0.032596371882086146 0.03628117913832199
1 0.7369614512471655 0.19387755102040816 0.09070294784580511 0.029478458049886597
1 0.8170351473922903 0.19387755102040816 0.05810657596371883 0.04308390022675738
1 0.899234693877551 0.19047619047619047 0.05810657596371883 0.04988662131519277
1 0.28202947845804993 0.12131519274376416 0.05102040816326532 0.03401360544217687
1 0.11337868480725626 0.12244897959183675 0.06519274376417235 0.0453514739229025
