1 0.36451863354037267 0.2743271221532091 0.40993788819875776 0.16356107660455482
1 0.36975931677018636 0.4865424430641822 0.4320652173913044 0.19047619047619044
1 0.36859472049689435 0.670807453416149 0.42740683229813653 0.13664596273291912
1 0.3720885093167701 0.8488612836438924 0.42973602484472045 0.14492753623188406
1 0.6725543478260869 0.7877846790890268 0.15489130434782603 0.11801242236024848
1 0.6678959627329192 0.6677018633540373 0.14324534161490682 0.0890269151138716
1 0.6684782608695653 0.5559006211180124 0.15605590062111802 0.10144927536231883
1 0.6370341614906831 0.45445134575569357 0.07686335403726702 0.018633540372670794
1 0.3668478260869565 0.10869565217391304 0.25388198757763975 0.03933747412008284
1 0.20205745341614903 0.10455486542443065 0.05007763975155278 0.03519668737060042
0 0.16420807453416145 0.10559006211180125 0.018633540372670777 0.03726708074534162
1 0.673136645962733 0.10973084886128365 0.018633540372670863 0.03312629399585921
1 0.7069099378881987 0.10869565217391304 0.027950310559006084 0.03519668737060042
1 0.7360248447204968 0.10973084886128363 0.013975155279503042 0.041407867494824016
1 0.7558229813664596 0.10766045548654243 0.01863354037267072 0.03726708074534162
1 0.7872670807453415 0.10662525879917183 0.025621118012422384 0.03933747412008282
0 0.7045807453416149 0.2826086956521739 0.20031055900621106 0.2836438923395445
0 0.779114906832298 0.546583850931677 0.060559006211180134 0.07867494824016567
0 0.7820263975155279 0.6614906832298136 0.05473602484472039 0.0683229813664596
0 0.7820263975155279 0.7650103519668738 0.05473602484472039 0.08074534161490689
0 0.7045807453416149 0.9078674948240166 0.20031055900621106 0.06418219461697731
