0 0.2842696629213483 0.6771535580524345 0.12584269662921352 0.315605493133583
0 0.44887640449438204 0.5982521847690387 0.12471910112359552 0.13383270911360795
0 0.6044943820224719 0.5952559300873907 0.12359550561797747 0.1438202247191012
0 0.4449438202247191 0.7630461922596754 0.11460674157303373 0.1438202247191012
0 0.6033707865168539 0.7640449438202248 0.08089887640449447 0.13782771535580524
0 0.5028089887640449 0.18576779026217227 0.17191011235955045 0.07590511860174784
1 0.4926966292134831 0.3425717852684145 0.5651685393258427 0.20174781523096133
1 0.4573033707865168 0.47440699126092384 0.23820224719101118 0.03395755305867667
1 0.2910112359550562 0.5033707865168539 0.09662921348314604 0.03995006242197256
1 0.5280898876404494 0.5073657927590511 0.10112359550561792 0.03196004993757803
1 0.0646067415730337 0.12784019975031213 0.07752808988764044 0.03196004993757803
1 0.057303370786516844 0.2956304619225968 0.056179775280898875 0.0359550561797753
1 0.054494382022471914 0.4324594257178526 0.050561797752808994 0.021972534332084948
1 0.0848314606741573 0.3615480649188514 0.1 0.023970037453183508
