1 0.3417949652358084 0.14612326043737575 0.44728723845673685 0.021868787276341946
1 0.49370383867394535 0.23658051689860835 0.5654385844641768 0.1232604373757455
1 0.4922972750309997 0.3330019880715706 0.579504220893634 0.05367793240556654
1 0.4965169659598368 0.3817097415506958 0.5598123298923939 0.03578528827037772
1 0.4965169659598368 0.4204771371769384 0.554186075320611 0.03379721669980121
1 0.504956347817511 0.4542743538767396 0.5654385844641768 0.03777335984095448
1 0.500736656888674 0.5019880715705766 0.5626254571782853 0.06163021868787275
1 0.49511040231689113 0.5705765407554672 0.5513729480347197 0.06361829025844941
1 0.5035497841745653 0.6242544731610339 0.5569992026065025 0.04373757455268397
1 0.27849960130325124 0.668986083499006 0.2419289465866627 0.025844930417495107
1 0.4796382022444882 0.7117296222664017 0.6048223664666568 0.04373757455268389
1 0.43744129295611683 0.7564612326043738 0.5429335661770454 0.029821073558647982
1 0.48245132953037967 0.7912524850894633 0.6217011301820053 0.03180914512922456
