1 0.7393258426966293 0.12284644194756554 0.3123595505617977 0.04993757802746565
1 0.47640449438202254 0.2906367041198502 0.14831460674157307 0.0619225967540574
1 0.4707865168539325 0.3515605493133583 0.13033707865168537 0.055930087390761545
1 0.5151685393258427 0.4024923901303146 0.22584269662921344 0.045942571785268456
1 0.5 0.4514357053682896 0.2 0.03196004993757803
1 0.44662921348314605 0.4833957553058677 0.08426966292134835 0.019975031210986247
1 0.5893258426966291 0.5153558052434457 0.36741573033707864 0.03196004993757803
1 0.44606741573033704 0.5622971285892635 0.08314606741573037 0.02996254681647933
1 0.6219101123595505 0.6481897627965043 0.43258426966292135 0.13782771535580524
1 0.4758426966292134 0.7830212234706616 0.12696629213483143 0.0719101123595506
1 0.7898876404494382 0.7570536828963796 0.2067415730337079 0.03595505617977537
1 0.4646067415730337 0.8828963795255931 0.12022471910112366 0.0279650436953807
1 0.2258426966292135 0.8789013732833958 0.35056179775280905 0.07990012484394499
0 0.251685393258427 0.5253433208489389 0.28539325842696633 0.6112359550561799
