1 0.6306376360808709 0.3469726766126886 0.28149300155520995 0.279246587178158
1 0.6181959564541213 0.5598755832037325 0.22861586314152404 0.1244167962674961
1 0.5902021772939346 0.6884396060134784 0.20373250388802483 0.06082598928633146
1 0.6267496111975116 0.7782770705533453 0.27371695178849154 0.12441679626749619
1 0.8530326594090202 0.2820114048729912 0.13219284603421472 0.13824088474166235
1 0.8802488335925349 0.4326939692414031 0.18662519440124414 0.14653533782616202
1 0.853810264385692 0.5184033177812338 0.14618973561430793 0.03594263003283217
1 0.8351477449455676 0.554345947814066 0.08398133748055983 0.024883359253499222
1 0.8709175738724718 0.7505882837028074 0.17418351477449265 0.20733266129917244
1 0.8429237947122862 0.9303611543113876 0.09953343701399689 0.07465007776049759
1 0.8724727838258164 0.6054950751684811 0.17107309486780722 0.07188526006566441
0 0.16174183514774496 0.5999654397788146 0.18040435458786938 0.6801451529289787
0 0.3771384136858476 0.6082598928633144 0.22861586314152407 0.7409711422153101
