1 0.6357667666114625 0.147117296222664 0.4669791294579768 0.019880715705765405
1 0.5274613661046424 0.1918489065606362 0.6104486210384397 0.03379721669980121
1 0.5274613661046424 0.2455268389662028 0.6104486210384397 0.07753479125248511
1 0.5218351115328597 0.3091451292246521 0.5935698573230911 0.04174950298210739
1 0.43884785659906256 0.3389662027833002 0.4050903291683655 0.013916500994035772
1 0.5401204388911539 0.3827037773359841 0.5626254571782853 0.06560636182902585
1 0.5429335661770454 0.44035785288270374 0.5569992026065025 0.045725646123260404
1 0.5429335661770454 0.5049701789264414 0.5569992026065025 0.07952286282306155
1 0.5415270025340996 0.5695825049701789 0.5598123298923938 0.04572564612326047
1 0.5429335661770454 0.621272365805169 0.5569992026065025 0.04970178926441363
1 0.5218425307696576 0.6640159045725647 0.5991812734212778 0.031809145129224725
1 0.5190219842469682 0.7226640159045726 0.5935698573230911 0.08151093439363805
